/*--------------------------------*- C++ -*----------------------------------*\
  =========                 |
  \\      /  F ield         | OpenFOAM: The Open Source CFD Toolbox
   \\    /   O peration     | Website:  https://openfoam.org
    \\  /    A nd           | Version:  6
     \\/     M anipulation  |
\*---------------------------------------------------------------------------*/
FoamFile
{
    version     2.0;
    format      ascii;
    class       vectorField;
    location    "constant/polyMesh";
    object      points;
}
// * * * * * * * * * * * * * * * * * * * * * * * * * * * * * * * * * * * * * //


3690
(
(-0.25 0.05 -0.05)
(-0.25 0.05 0.05)
(-0.25 -0.00192 -0.05)
(-0.25 0 -0.05)
(-0.25 0.00192 -0.05)
(-0.25 0.00384 -0.05)
(-0.25 0.00576 -0.05)
(-0.25 0.00768 -0.05)
(-0.25 0.0096 -0.05)
(-0.25 0.01152 -0.05)
(-0.25 0.01344 -0.05)
(-0.25 0.01536 -0.05)
(-0.25 0.01728 -0.05)
(-0.25 0.0192 -0.05)
(-0.25 0.02112 -0.05)
(-0.25 0.02304 -0.05)
(-0.25 0.02496 -0.05)
(-0.25 0.02688 -0.05)
(-0.25 0.0288 -0.05)
(-0.25 0.03072 -0.05)
(-0.25 0.03264 -0.05)
(-0.25 0.03456 -0.05)
(-0.25 0.03648 -0.05)
(-0.25 0.0384 -0.05)
(-0.25 0.04032 -0.05)
(-0.25 0.04224 -0.05)
(-0.25 0.04416 -0.05)
(-0.25 0.04608 -0.05)
(-0.25 -0.00192 0.05)
(-0.25 0 0.05)
(-0.25 0.00192 0.05)
(-0.25 0.00384 0.05)
(-0.25 0.00576 0.05)
(-0.25 0.00768 0.05)
(-0.25 0.0096 0.05)
(-0.25 0.01152 0.05)
(-0.25 0.01344 0.05)
(-0.25 0.01536 0.05)
(-0.25 0.01728 0.05)
(-0.25 0.0192 0.05)
(-0.25 0.02112 0.05)
(-0.25 0.02304 0.05)
(-0.25 0.02496 0.05)
(-0.25 0.02688 0.05)
(-0.25 0.0288 0.05)
(-0.25 0.03072 0.05)
(-0.25 0.03264 0.05)
(-0.25 0.03456 0.05)
(-0.25 0.03648 0.05)
(-0.25 0.0384 0.05)
(-0.25 0.04032 0.05)
(-0.25 0.04224 0.05)
(-0.25 0.04416 0.05)
(-0.25 0.04608 0.05)
(-0.245 0.05 -0.05)
(-0.24 0.05 -0.05)
(-0.235 0.05 -0.05)
(-0.23 0.05 -0.05)
(-0.225 0.05 -0.05)
(-0.22 0.05 -0.05)
(-0.215 0.05 -0.05)
(-0.21 0.05 -0.05)
(-0.205 0.05 -0.05)
(-0.2 0.05 -0.05)
(-0.195 0.05 -0.05)
(-0.19 0.05 -0.05)
(-0.185 0.05 -0.05)
(-0.18 0.05 -0.05)
(-0.175 0.05 -0.05)
(-0.17 0.05 -0.05)
(-0.165 0.05 -0.05)
(-0.16 0.05 -0.05)
(-0.155 0.05 -0.05)
(-0.15 0.05 -0.05)
(-0.145 0.05 -0.05)
(-0.14 0.05 -0.05)
(-0.135 0.05 -0.05)
(-0.13 0.05 -0.05)
(-0.125 0.05 -0.05)
(-0.12 0.05 -0.05)
(-0.115 0.05 -0.05)
(-0.11 0.05 -0.05)
(-0.105 0.05 -0.05)
(-0.1 0.05 -0.05)
(-0.095 0.05 -0.05)
(-0.09 0.05 -0.05)
(-0.085 0.05 -0.05)
(-0.08 0.05 -0.05)
(-0.075 0.05 -0.05)
(-0.07 0.05 -0.05)
(-0.065 0.05 -0.05)
(-0.06 0.05 -0.05)
(-0.055 0.05 -0.05)
(-0.05 0.05 -0.05)
(-0.045 0.05 -0.05)
(-0.04 0.05 -0.05)
(-0.035 0.05 -0.05)
(-0.03 0.05 -0.05)
(-0.025 0.05 -0.05)
(-0.02 0.05 -0.05)
(-0.015 0.05 -0.05)
(-0.01 0.05 -0.05)
(-0.005 0.05 -0.05)
(0 0.05 -0.05)
(-0.245 0.05 0.05)
(-0.24 0.05 0.05)
(-0.235 0.05 0.05)
(-0.23 0.05 0.05)
(-0.225 0.05 0.05)
(-0.22 0.05 0.05)
(-0.215 0.05 0.05)
(-0.21 0.05 0.05)
(-0.205 0.05 0.05)
(-0.2 0.05 0.05)
(-0.195 0.05 0.05)
(-0.19 0.05 0.05)
(-0.185 0.05 0.05)
(-0.18 0.05 0.05)
(-0.175 0.05 0.05)
(-0.17 0.05 0.05)
(-0.165 0.05 0.05)
(-0.16 0.05 0.05)
(-0.155 0.05 0.05)
(-0.15 0.05 0.05)
(-0.145 0.05 0.05)
(-0.14 0.05 0.05)
(-0.135 0.05 0.05)
(-0.13 0.05 0.05)
(-0.125 0.05 0.05)
(-0.12 0.05 0.05)
(-0.115 0.05 0.05)
(-0.11 0.05 0.05)
(-0.105 0.05 0.05)
(-0.1 0.05 0.05)
(-0.095 0.05 0.05)
(-0.09 0.05 0.05)
(-0.085 0.05 0.05)
(-0.08 0.05 0.05)
(-0.075 0.05 0.05)
(-0.07 0.05 0.05)
(-0.065 0.05 0.05)
(-0.06 0.05 0.05)
(-0.055 0.05 0.05)
(-0.05 0.05 0.05)
(-0.045 0.05 0.05)
(-0.04 0.05 0.05)
(-0.035 0.05 0.05)
(-0.03 0.05 0.05)
(-0.025 0.05 0.05)
(-0.02 0.05 0.05)
(-0.015 0.05 0.05)
(-0.01 0.05 0.05)
(-0.005 0.05 0.05)
(0 0.05 0.05)
(-0.25 0.0498 -0.05)
(-0.25 0.0496 -0.05)
(-0.25 0.0494 -0.05)
(-0.25 0.0492 -0.05)
(-0.25 0.049 -0.05)
(-0.25 0.0488 -0.05)
(-0.25 0.0486 -0.05)
(-0.25 0.0484 -0.05)
(-0.25 0.0482 -0.05)
(-0.25 0.048 -0.05)
(0 0.0498 -0.05)
(-0.005 0.0498 -0.05)
(-0.01 0.0498 -0.05)
(-0.015 0.0498 -0.05)
(-0.02 0.0498 -0.05)
(-0.025 0.0498 -0.05)
(-0.03 0.0498 -0.05)
(-0.035 0.0498 -0.05)
(-0.04 0.0498 -0.05)
(-0.045 0.0498 -0.05)
(-0.05 0.0498 -0.05)
(-0.055 0.0498 -0.05)
(-0.06 0.0498 -0.05)
(-0.065 0.0498 -0.05)
(-0.07 0.0498 -0.05)
(-0.075 0.0498 -0.05)
(-0.08 0.0498 -0.05)
(-0.085 0.0498 -0.05)
(-0.09 0.0498 -0.05)
(-0.095 0.0498 -0.05)
(-0.1 0.0498 -0.05)
(-0.105 0.0498 -0.05)
(-0.11 0.0498 -0.05)
(-0.115 0.0498 -0.05)
(-0.12 0.0498 -0.05)
(-0.125 0.0498 -0.05)
(-0.13 0.0498 -0.05)
(-0.135 0.0498 -0.05)
(-0.14 0.0498 -0.05)
(-0.145 0.0498 -0.05)
(-0.15 0.0498 -0.05)
(-0.155 0.0498 -0.05)
(-0.16 0.0498 -0.05)
(-0.165 0.0498 -0.05)
(-0.17 0.0498 -0.05)
(-0.175 0.0498 -0.05)
(-0.18 0.0498 -0.05)
(-0.185 0.0498 -0.05)
(-0.19 0.0498 -0.05)
(-0.195 0.0498 -0.05)
(-0.2 0.0498 -0.05)
(-0.205 0.0498 -0.05)
(-0.21 0.0498 -0.05)
(-0.215 0.0498 -0.05)
(-0.22 0.0498 -0.05)
(-0.225 0.0498 -0.05)
(-0.23 0.0498 -0.05)
(-0.235 0.0498 -0.05)
(-0.24 0.0498 -0.05)
(-0.245 0.0498 -0.05)
(0 0.0496 -0.05)
(-0.005 0.0496 -0.05)
(-0.01 0.0496 -0.05)
(-0.015 0.0496 -0.05)
(-0.02 0.0496 -0.05)
(-0.025 0.0496 -0.05)
(-0.03 0.0496 -0.05)
(-0.035 0.0496 -0.05)
(-0.04 0.0496 -0.05)
(-0.045 0.0496 -0.05)
(-0.05 0.0496 -0.05)
(-0.055 0.0496 -0.05)
(-0.06 0.0496 -0.05)
(-0.065 0.0496 -0.05)
(-0.07 0.0496 -0.05)
(-0.075 0.0496 -0.05)
(-0.08 0.0496 -0.05)
(-0.085 0.0496 -0.05)
(-0.09 0.0496 -0.05)
(-0.095 0.0496 -0.05)
(-0.1 0.0496 -0.05)
(-0.105 0.0496 -0.05)
(-0.11 0.0496 -0.05)
(-0.115 0.0496 -0.05)
(-0.12 0.0496 -0.05)
(-0.125 0.0496 -0.05)
(-0.13 0.0496 -0.05)
(-0.135 0.0496 -0.05)
(-0.14 0.0496 -0.05)
(-0.145 0.0496 -0.05)
(-0.15 0.0496 -0.05)
(-0.155 0.0496 -0.05)
(-0.16 0.0496 -0.05)
(-0.165 0.0496 -0.05)
(-0.17 0.0496 -0.05)
(-0.175 0.0496 -0.05)
(-0.18 0.0496 -0.05)
(-0.185 0.0496 -0.05)
(-0.19 0.0496 -0.05)
(-0.195 0.0496 -0.05)
(-0.2 0.0496 -0.05)
(-0.205 0.0496 -0.05)
(-0.21 0.0496 -0.05)
(-0.215 0.0496 -0.05)
(-0.22 0.0496 -0.05)
(-0.225 0.0496 -0.05)
(-0.23 0.0496 -0.05)
(-0.235 0.0496 -0.05)
(-0.24 0.0496 -0.05)
(-0.245 0.0496 -0.05)
(0 0.0494 -0.05)
(-0.005 0.0494 -0.05)
(-0.01 0.0494 -0.05)
(-0.015 0.0494 -0.05)
(-0.02 0.0494 -0.05)
(-0.025 0.0494 -0.05)
(-0.03 0.0494 -0.05)
(-0.035 0.0494 -0.05)
(-0.04 0.0494 -0.05)
(-0.045 0.0494 -0.05)
(-0.05 0.0494 -0.05)
(-0.055 0.0494 -0.05)
(-0.06 0.0494 -0.05)
(-0.065 0.0494 -0.05)
(-0.07 0.0494 -0.05)
(-0.075 0.0494 -0.05)
(-0.08 0.0494 -0.05)
(-0.085 0.0494 -0.05)
(-0.09 0.0494 -0.05)
(-0.095 0.0494 -0.05)
(-0.1 0.0494 -0.05)
(-0.105 0.0494 -0.05)
(-0.11 0.0494 -0.05)
(-0.115 0.0494 -0.05)
(-0.12 0.0494 -0.05)
(-0.125 0.0494 -0.05)
(-0.13 0.0494 -0.05)
(-0.135 0.0494 -0.05)
(-0.14 0.0494 -0.05)
(-0.145 0.0494 -0.05)
(-0.15 0.0494 -0.05)
(-0.155 0.0494 -0.05)
(-0.16 0.0494 -0.05)
(-0.165 0.0494 -0.05)
(-0.17 0.0494 -0.05)
(-0.175 0.0494 -0.05)
(-0.18 0.0494 -0.05)
(-0.185 0.0494 -0.05)
(-0.19 0.0494 -0.05)
(-0.195 0.0494 -0.05)
(-0.2 0.0494 -0.05)
(-0.205 0.0494 -0.05)
(-0.21 0.0494 -0.05)
(-0.215 0.0494 -0.05)
(-0.22 0.0494 -0.05)
(-0.225 0.0494 -0.05)
(-0.23 0.0494 -0.05)
(-0.235 0.0494 -0.05)
(-0.24 0.0494 -0.05)
(-0.245 0.0494 -0.05)
(0 0.0492 -0.05)
(-0.005 0.0492 -0.05)
(-0.01 0.0492 -0.05)
(-0.015 0.0492 -0.05)
(-0.02 0.0492 -0.05)
(-0.025 0.0492 -0.05)
(-0.03 0.0492 -0.05)
(-0.035 0.0492 -0.05)
(-0.04 0.0492 -0.05)
(-0.045 0.0492 -0.05)
(-0.05 0.0492 -0.05)
(-0.055 0.0492 -0.05)
(-0.06 0.0492 -0.05)
(-0.065 0.0492 -0.05)
(-0.07 0.0492 -0.05)
(-0.075 0.0492 -0.05)
(-0.08 0.0492 -0.05)
(-0.085 0.0492 -0.05)
(-0.09 0.0492 -0.05)
(-0.095 0.0492 -0.05)
(-0.1 0.0492 -0.05)
(-0.105 0.0492 -0.05)
(-0.11 0.0492 -0.05)
(-0.115 0.0492 -0.05)
(-0.12 0.0492 -0.05)
(-0.125 0.0492 -0.05)
(-0.13 0.0492 -0.05)
(-0.135 0.0492 -0.05)
(-0.14 0.0492 -0.05)
(-0.145 0.0492 -0.05)
(-0.15 0.0492 -0.05)
(-0.155 0.0492 -0.05)
(-0.16 0.0492 -0.05)
(-0.165 0.0492 -0.05)
(-0.17 0.0492 -0.05)
(-0.175 0.0492 -0.05)
(-0.18 0.0492 -0.05)
(-0.185 0.0492 -0.05)
(-0.19 0.0492 -0.05)
(-0.195 0.0492 -0.05)
(-0.2 0.0492 -0.05)
(-0.205 0.0492 -0.05)
(-0.21 0.0492 -0.05)
(-0.215 0.0492 -0.05)
(-0.22 0.0492 -0.05)
(-0.225 0.0492 -0.05)
(-0.23 0.0492 -0.05)
(-0.235 0.0492 -0.05)
(-0.24 0.0492 -0.05)
(-0.245 0.0492 -0.05)
(0 0.049 -0.05)
(-0.005 0.049 -0.05)
(-0.01 0.049 -0.05)
(-0.015 0.049 -0.05)
(-0.02 0.049 -0.05)
(-0.025 0.049 -0.05)
(-0.03 0.049 -0.05)
(-0.035 0.049 -0.05)
(-0.04 0.049 -0.05)
(-0.045 0.049 -0.05)
(-0.05 0.049 -0.05)
(-0.055 0.049 -0.05)
(-0.06 0.049 -0.05)
(-0.065 0.049 -0.05)
(-0.07 0.049 -0.05)
(-0.075 0.049 -0.05)
(-0.08 0.049 -0.05)
(-0.085 0.049 -0.05)
(-0.09 0.049 -0.05)
(-0.095 0.049 -0.05)
(-0.1 0.049 -0.05)
(-0.105 0.049 -0.05)
(-0.11 0.049 -0.05)
(-0.115 0.049 -0.05)
(-0.12 0.049 -0.05)
(-0.125 0.049 -0.05)
(-0.13 0.049 -0.05)
(-0.135 0.049 -0.05)
(-0.14 0.049 -0.05)
(-0.145 0.049 -0.05)
(-0.15 0.049 -0.05)
(-0.155 0.049 -0.05)
(-0.16 0.049 -0.05)
(-0.165 0.049 -0.05)
(-0.17 0.049 -0.05)
(-0.175 0.049 -0.05)
(-0.18 0.049 -0.05)
(-0.185 0.049 -0.05)
(-0.19 0.049 -0.05)
(-0.195 0.049 -0.05)
(-0.2 0.049 -0.05)
(-0.205 0.049 -0.05)
(-0.21 0.049 -0.05)
(-0.215 0.049 -0.05)
(-0.22 0.049 -0.05)
(-0.225 0.049 -0.05)
(-0.23 0.049 -0.05)
(-0.235 0.049 -0.05)
(-0.24 0.049 -0.05)
(-0.245 0.049 -0.05)
(0 0.0488 -0.05)
(-0.005 0.0488 -0.05)
(-0.01 0.0488 -0.05)
(-0.015 0.0488 -0.05)
(-0.02 0.0488 -0.05)
(-0.025 0.0488 -0.05)
(-0.03 0.0488 -0.05)
(-0.035 0.0488 -0.05)
(-0.04 0.0488 -0.05)
(-0.045 0.0488 -0.05)
(-0.05 0.0488 -0.05)
(-0.055 0.0488 -0.05)
(-0.06 0.0488 -0.05)
(-0.065 0.0488 -0.05)
(-0.07 0.0488 -0.05)
(-0.075 0.0488 -0.05)
(-0.08 0.0488 -0.05)
(-0.085 0.0488 -0.05)
(-0.09 0.0488 -0.05)
(-0.095 0.0488 -0.05)
(-0.1 0.0488 -0.05)
(-0.105 0.0488 -0.05)
(-0.11 0.0488 -0.05)
(-0.115 0.0488 -0.05)
(-0.12 0.0488 -0.05)
(-0.125 0.0488 -0.05)
(-0.13 0.0488 -0.05)
(-0.135 0.0488 -0.05)
(-0.14 0.0488 -0.05)
(-0.145 0.0488 -0.05)
(-0.15 0.0488 -0.05)
(-0.155 0.0488 -0.05)
(-0.16 0.0488 -0.05)
(-0.165 0.0488 -0.05)
(-0.17 0.0488 -0.05)
(-0.175 0.0488 -0.05)
(-0.18 0.0488 -0.05)
(-0.185 0.0488 -0.05)
(-0.19 0.0488 -0.05)
(-0.195 0.0488 -0.05)
(-0.2 0.0488 -0.05)
(-0.205 0.0488 -0.05)
(-0.21 0.0488 -0.05)
(-0.215 0.0488 -0.05)
(-0.22 0.0488 -0.05)
(-0.225 0.0488 -0.05)
(-0.23 0.0488 -0.05)
(-0.235 0.0488 -0.05)
(-0.24 0.0488 -0.05)
(-0.245 0.0488 -0.05)
(0 0.0486 -0.05)
(-0.005 0.0486 -0.05)
(-0.01 0.0486 -0.05)
(-0.015 0.0486 -0.05)
(-0.02 0.0486 -0.05)
(-0.025 0.0486 -0.05)
(-0.03 0.0486 -0.05)
(-0.035 0.0486 -0.05)
(-0.04 0.0486 -0.05)
(-0.045 0.0486 -0.05)
(-0.05 0.0486 -0.05)
(-0.055 0.0486 -0.05)
(-0.06 0.0486 -0.05)
(-0.065 0.0486 -0.05)
(-0.07 0.0486 -0.05)
(-0.075 0.0486 -0.05)
(-0.08 0.0486 -0.05)
(-0.085 0.0486 -0.05)
(-0.09 0.0486 -0.05)
(-0.095 0.0486 -0.05)
(-0.1 0.0486 -0.05)
(-0.105 0.0486 -0.05)
(-0.11 0.0486 -0.05)
(-0.115 0.0486 -0.05)
(-0.12 0.0486 -0.05)
(-0.125 0.0486 -0.05)
(-0.13 0.0486 -0.05)
(-0.135 0.0486 -0.05)
(-0.14 0.0486 -0.05)
(-0.145 0.0486 -0.05)
(-0.15 0.0486 -0.05)
(-0.155 0.0486 -0.05)
(-0.16 0.0486 -0.05)
(-0.165 0.0486 -0.05)
(-0.17 0.0486 -0.05)
(-0.175 0.0486 -0.05)
(-0.18 0.0486 -0.05)
(-0.185 0.0486 -0.05)
(-0.19 0.0486 -0.05)
(-0.195 0.0486 -0.05)
(-0.2 0.0486 -0.05)
(-0.205 0.0486 -0.05)
(-0.21 0.0486 -0.05)
(-0.215 0.0486 -0.05)
(-0.22 0.0486 -0.05)
(-0.225 0.0486 -0.05)
(-0.23 0.0486 -0.05)
(-0.235 0.0486 -0.05)
(-0.24 0.0486 -0.05)
(-0.245 0.0486 -0.05)
(0 0.0484 -0.05)
(-0.005 0.0484 -0.05)
(-0.01 0.0484 -0.05)
(-0.015 0.0484 -0.05)
(-0.02 0.0484 -0.05)
(-0.025 0.0484 -0.05)
(-0.03 0.0484 -0.05)
(-0.035 0.0484 -0.05)
(-0.04 0.0484 -0.05)
(-0.045 0.0484 -0.05)
(-0.05 0.0484 -0.05)
(-0.055 0.0484 -0.05)
(-0.06 0.0484 -0.05)
(-0.065 0.0484 -0.05)
(-0.07 0.0484 -0.05)
(-0.075 0.0484 -0.05)
(-0.08 0.0484 -0.05)
(-0.085 0.0484 -0.05)
(-0.09 0.0484 -0.05)
(-0.095 0.0484 -0.05)
(-0.1 0.0484 -0.05)
(-0.105 0.0484 -0.05)
(-0.11 0.0484 -0.05)
(-0.115 0.0484 -0.05)
(-0.12 0.0484 -0.05)
(-0.125 0.0484 -0.05)
(-0.13 0.0484 -0.05)
(-0.135 0.0484 -0.05)
(-0.14 0.0484 -0.05)
(-0.145 0.0484 -0.05)
(-0.15 0.0484 -0.05)
(-0.155 0.0484 -0.05)
(-0.16 0.0484 -0.05)
(-0.165 0.0484 -0.05)
(-0.17 0.0484 -0.05)
(-0.175 0.0484 -0.05)
(-0.18 0.0484 -0.05)
(-0.185 0.0484 -0.05)
(-0.19 0.0484 -0.05)
(-0.195 0.0484 -0.05)
(-0.2 0.0484 -0.05)
(-0.205 0.0484 -0.05)
(-0.21 0.0484 -0.05)
(-0.215 0.0484 -0.05)
(-0.22 0.0484 -0.05)
(-0.225 0.0484 -0.05)
(-0.23 0.0484 -0.05)
(-0.235 0.0484 -0.05)
(-0.24 0.0484 -0.05)
(-0.245 0.0484 -0.05)
(0 0.0482 -0.05)
(-0.005 0.0482 -0.05)
(-0.01 0.0482 -0.05)
(-0.015 0.0482 -0.05)
(-0.02 0.0482 -0.05)
(-0.025 0.0482 -0.05)
(-0.03 0.0482 -0.05)
(-0.035 0.0482 -0.05)
(-0.04 0.0482 -0.05)
(-0.045 0.0482 -0.05)
(-0.05 0.0482 -0.05)
(-0.055 0.0482 -0.05)
(-0.06 0.0482 -0.05)
(-0.065 0.0482 -0.05)
(-0.07 0.0482 -0.05)
(-0.075 0.0482 -0.05)
(-0.08 0.0482 -0.05)
(-0.085 0.0482 -0.05)
(-0.09 0.0482 -0.05)
(-0.095 0.0482 -0.05)
(-0.1 0.0482 -0.05)
(-0.105 0.0482 -0.05)
(-0.11 0.0482 -0.05)
(-0.115 0.0482 -0.05)
(-0.12 0.0482 -0.05)
(-0.125 0.0482 -0.05)
(-0.13 0.0482 -0.05)
(-0.135 0.0482 -0.05)
(-0.14 0.0482 -0.05)
(-0.145 0.0482 -0.05)
(-0.15 0.0482 -0.05)
(-0.155 0.0482 -0.05)
(-0.16 0.0482 -0.05)
(-0.165 0.0482 -0.05)
(-0.17 0.0482 -0.05)
(-0.175 0.0482 -0.05)
(-0.18 0.0482 -0.05)
(-0.185 0.0482 -0.05)
(-0.19 0.0482 -0.05)
(-0.195 0.0482 -0.05)
(-0.2 0.0482 -0.05)
(-0.205 0.0482 -0.05)
(-0.21 0.0482 -0.05)
(-0.215 0.0482 -0.05)
(-0.22 0.0482 -0.05)
(-0.225 0.0482 -0.05)
(-0.23 0.0482 -0.05)
(-0.235 0.0482 -0.05)
(-0.24 0.0482 -0.05)
(-0.245 0.0482 -0.05)
(0 0.048 -0.05)
(-0.005 0.048 -0.05)
(-0.01 0.048 -0.05)
(-0.015 0.048 -0.05)
(-0.02 0.048 -0.05)
(-0.025 0.048 -0.05)
(-0.03 0.048 -0.05)
(-0.035 0.048 -0.05)
(-0.04 0.048 -0.05)
(-0.045 0.048 -0.05)
(-0.05 0.048 -0.05)
(-0.055 0.048 -0.05)
(-0.06 0.048 -0.05)
(-0.065 0.048 -0.05)
(-0.07 0.048 -0.05)
(-0.075 0.048 -0.05)
(-0.08 0.048 -0.05)
(-0.085 0.048 -0.05)
(-0.09 0.048 -0.05)
(-0.095 0.048 -0.05)
(-0.1 0.048 -0.05)
(-0.105 0.048 -0.05)
(-0.11 0.048 -0.05)
(-0.115 0.048 -0.05)
(-0.12 0.048 -0.05)
(-0.125 0.048 -0.05)
(-0.13 0.048 -0.05)
(-0.135 0.048 -0.05)
(-0.14 0.048 -0.05)
(-0.145 0.048 -0.05)
(-0.15 0.048 -0.05)
(-0.155 0.048 -0.05)
(-0.16 0.048 -0.05)
(-0.165 0.048 -0.05)
(-0.17 0.048 -0.05)
(-0.175 0.048 -0.05)
(-0.18 0.048 -0.05)
(-0.185 0.048 -0.05)
(-0.19 0.048 -0.05)
(-0.195 0.048 -0.05)
(-0.2 0.048 -0.05)
(-0.205 0.048 -0.05)
(-0.21 0.048 -0.05)
(-0.215 0.048 -0.05)
(-0.22 0.048 -0.05)
(-0.225 0.048 -0.05)
(-0.23 0.048 -0.05)
(-0.235 0.048 -0.05)
(-0.24 0.048 -0.05)
(-0.245 0.048 -0.05)
(-0.245 -0.00192 -0.05)
(-0.24 -0.00192 -0.05)
(-0.235 -0.00192 -0.05)
(-0.23 -0.00192 -0.05)
(-0.225 -0.00192 -0.05)
(-0.22 -0.00192 -0.05)
(-0.215 -0.00192 -0.05)
(-0.21 -0.00192 -0.05)
(-0.245 0 -0.05)
(-0.24 0 -0.05)
(-0.235 0 -0.05)
(-0.23 0 -0.05)
(-0.225 0 -0.05)
(-0.22 0 -0.05)
(-0.215 0 -0.05)
(-0.21 0 -0.05)
(-0.205 0 -0.05)
(-0.2 0 -0.05)
(-0.195 0 -0.05)
(-0.19 0 -0.05)
(-0.185 0 -0.05)
(-0.18 0 -0.05)
(-0.175 0 -0.05)
(-0.17 0 -0.05)
(-0.165 0 -0.05)
(-0.16 0 -0.05)
(-0.155 0 -0.05)
(-0.15 0 -0.05)
(-0.145 0 -0.05)
(-0.14 0 -0.05)
(-0.135 0 -0.05)
(-0.13 0 -0.05)
(-0.125 0 -0.05)
(-0.12 0 -0.05)
(-0.115 0 -0.05)
(-0.11 0 -0.05)
(-0.105 0 -0.05)
(-0.1 0 -0.05)
(-0.095 0 -0.05)
(-0.09 0 -0.05)
(-0.085 0 -0.05)
(-0.08 0 -0.05)
(-0.075 0 -0.05)
(-0.07 0 -0.05)
(-0.065 0 -0.05)
(-0.06 0 -0.05)
(-0.055 0 -0.05)
(-0.05 0 -0.05)
(-0.045 0 -0.05)
(-0.04 0 -0.05)
(-0.035 0 -0.05)
(-0.03 0 -0.05)
(-0.025 0 -0.05)
(-0.02 0 -0.05)
(-0.015 0 -0.05)
(-0.01 0 -0.05)
(-0.005 0 -0.05)
(0 0 -0.05)
(-0.245 0.00192 -0.05)
(-0.24 0.00192 -0.05)
(-0.235 0.00192 -0.05)
(-0.23 0.00192 -0.05)
(-0.225 0.00192 -0.05)
(-0.22 0.00192 -0.05)
(-0.215 0.00192 -0.05)
(-0.21 0.00192 -0.05)
(-0.205 0.00192 -0.05)
(-0.2 0.00192 -0.05)
(-0.195 0.00192 -0.05)
(-0.19 0.00192 -0.05)
(-0.185 0.00192 -0.05)
(-0.18 0.00192 -0.05)
(-0.175 0.00192 -0.05)
(-0.17 0.00192 -0.05)
(-0.165 0.00192 -0.05)
(-0.16 0.00192 -0.05)
(-0.155 0.00192 -0.05)
(-0.15 0.00192 -0.05)
(-0.145 0.00192 -0.05)
(-0.14 0.00192 -0.05)
(-0.135 0.00192 -0.05)
(-0.13 0.00192 -0.05)
(-0.125 0.00192 -0.05)
(-0.12 0.00192 -0.05)
(-0.115 0.00192 -0.05)
(-0.11 0.00192 -0.05)
(-0.105 0.00192 -0.05)
(-0.1 0.00192 -0.05)
(-0.095 0.00192 -0.05)
(-0.09 0.00192 -0.05)
(-0.085 0.00192 -0.05)
(-0.08 0.00192 -0.05)
(-0.075 0.00192 -0.05)
(-0.07 0.00192 -0.05)
(-0.065 0.00192 -0.05)
(-0.06 0.00192 -0.05)
(-0.055 0.00192 -0.05)
(-0.05 0.00192 -0.05)
(-0.045 0.00192 -0.05)
(-0.04 0.00192 -0.05)
(-0.035 0.00192 -0.05)
(-0.03 0.00192 -0.05)
(-0.025 0.00192 -0.05)
(-0.02 0.00192 -0.05)
(-0.015 0.00192 -0.05)
(-0.01 0.00192 -0.05)
(-0.005 0.00192 -0.05)
(0 0.00192 -0.05)
(-0.245 0.00384 -0.05)
(-0.24 0.00384 -0.05)
(-0.235 0.00384 -0.05)
(-0.23 0.00384 -0.05)
(-0.225 0.00384 -0.05)
(-0.22 0.00384 -0.05)
(-0.215 0.00384 -0.05)
(-0.21 0.00384 -0.05)
(-0.205 0.00384 -0.05)
(-0.2 0.00384 -0.05)
(-0.195 0.00384 -0.05)
(-0.19 0.00384 -0.05)
(-0.185 0.00384 -0.05)
(-0.18 0.00384 -0.05)
(-0.175 0.00384 -0.05)
(-0.17 0.00384 -0.05)
(-0.165 0.00384 -0.05)
(-0.16 0.00384 -0.05)
(-0.155 0.00384 -0.05)
(-0.15 0.00384 -0.05)
(-0.145 0.00384 -0.05)
(-0.14 0.00384 -0.05)
(-0.135 0.00384 -0.05)
(-0.13 0.00384 -0.05)
(-0.125 0.00384 -0.05)
(-0.12 0.00384 -0.05)
(-0.115 0.00384 -0.05)
(-0.11 0.00384 -0.05)
(-0.105 0.00384 -0.05)
(-0.1 0.00384 -0.05)
(-0.095 0.00384 -0.05)
(-0.09 0.00384 -0.05)
(-0.085 0.00384 -0.05)
(-0.08 0.00384 -0.05)
(-0.075 0.00384 -0.05)
(-0.07 0.00384 -0.05)
(-0.065 0.00384 -0.05)
(-0.06 0.00384 -0.05)
(-0.055 0.00384 -0.05)
(-0.05 0.00384 -0.05)
(-0.045 0.00384 -0.05)
(-0.04 0.00384 -0.05)
(-0.035 0.00384 -0.05)
(-0.03 0.00384 -0.05)
(-0.025 0.00384 -0.05)
(-0.02 0.00384 -0.05)
(-0.015 0.00384 -0.05)
(-0.01 0.00384 -0.05)
(-0.005 0.00384 -0.05)
(7.10543e-18 0.00384 -0.05)
(-0.245 0.00576 -0.05)
(-0.24 0.00576 -0.05)
(-0.235 0.00576 -0.05)
(-0.23 0.00576 -0.05)
(-0.225 0.00576 -0.05)
(-0.22 0.00576 -0.05)
(-0.215 0.00576 -0.05)
(-0.21 0.00576 -0.05)
(-0.205 0.00576 -0.05)
(-0.2 0.00576 -0.05)
(-0.195 0.00576 -0.05)
(-0.19 0.00576 -0.05)
(-0.185 0.00576 -0.05)
(-0.18 0.00576 -0.05)
(-0.175 0.00576 -0.05)
(-0.17 0.00576 -0.05)
(-0.165 0.00576 -0.05)
(-0.16 0.00576 -0.05)
(-0.155 0.00576 -0.05)
(-0.15 0.00576 -0.05)
(-0.145 0.00576 -0.05)
(-0.14 0.00576 -0.05)
(-0.135 0.00576 -0.05)
(-0.13 0.00576 -0.05)
(-0.125 0.00576 -0.05)
(-0.12 0.00576 -0.05)
(-0.115 0.00576 -0.05)
(-0.11 0.00576 -0.05)
(-0.105 0.00576 -0.05)
(-0.1 0.00576 -0.05)
(-0.095 0.00576 -0.05)
(-0.09 0.00576 -0.05)
(-0.085 0.00576 -0.05)
(-0.08 0.00576 -0.05)
(-0.075 0.00576 -0.05)
(-0.07 0.00576 -0.05)
(-0.065 0.00576 -0.05)
(-0.06 0.00576 -0.05)
(-0.055 0.00576 -0.05)
(-0.05 0.00576 -0.05)
(-0.045 0.00576 -0.05)
(-0.04 0.00576 -0.05)
(-0.035 0.00576 -0.05)
(-0.03 0.00576 -0.05)
(-0.025 0.00576 -0.05)
(-0.02 0.00576 -0.05)
(-0.015 0.00576 -0.05)
(-0.01 0.00576 -0.05)
(-0.005 0.00576 -0.05)
(7.10543e-18 0.00576 -0.05)
(-0.245 0.00768 -0.05)
(-0.24 0.00768 -0.05)
(-0.235 0.00768 -0.05)
(-0.23 0.00768 -0.05)
(-0.225 0.00768 -0.05)
(-0.22 0.00768 -0.05)
(-0.215 0.00768 -0.05)
(-0.21 0.00768 -0.05)
(-0.205 0.00768 -0.05)
(-0.2 0.00768 -0.05)
(-0.195 0.00768 -0.05)
(-0.19 0.00768 -0.05)
(-0.185 0.00768 -0.05)
(-0.18 0.00768 -0.05)
(-0.175 0.00768 -0.05)
(-0.17 0.00768 -0.05)
(-0.165 0.00768 -0.05)
(-0.16 0.00768 -0.05)
(-0.155 0.00768 -0.05)
(-0.15 0.00768 -0.05)
(-0.145 0.00768 -0.05)
(-0.14 0.00768 -0.05)
(-0.135 0.00768 -0.05)
(-0.13 0.00768 -0.05)
(-0.125 0.00768 -0.05)
(-0.12 0.00768 -0.05)
(-0.115 0.00768 -0.05)
(-0.11 0.00768 -0.05)
(-0.105 0.00768 -0.05)
(-0.1 0.00768 -0.05)
(-0.095 0.00768 -0.05)
(-0.09 0.00768 -0.05)
(-0.085 0.00768 -0.05)
(-0.08 0.00768 -0.05)
(-0.075 0.00768 -0.05)
(-0.07 0.00768 -0.05)
(-0.065 0.00768 -0.05)
(-0.06 0.00768 -0.05)
(-0.055 0.00768 -0.05)
(-0.05 0.00768 -0.05)
(-0.045 0.00768 -0.05)
(-0.04 0.00768 -0.05)
(-0.035 0.00768 -0.05)
(-0.03 0.00768 -0.05)
(-0.025 0.00768 -0.05)
(-0.02 0.00768 -0.05)
(-0.015 0.00768 -0.05)
(-0.01 0.00768 -0.05)
(-0.005 0.00768 -0.05)
(-7.10543e-18 0.00768 -0.05)
(-0.245 0.0096 -0.05)
(-0.24 0.0096 -0.05)
(-0.235 0.0096 -0.05)
(-0.23 0.0096 -0.05)
(-0.225 0.0096 -0.05)
(-0.22 0.0096 -0.05)
(-0.215 0.0096 -0.05)
(-0.21 0.0096 -0.05)
(-0.205 0.0096 -0.05)
(-0.2 0.0096 -0.05)
(-0.195 0.0096 -0.05)
(-0.19 0.0096 -0.05)
(-0.185 0.0096 -0.05)
(-0.18 0.0096 -0.05)
(-0.175 0.0096 -0.05)
(-0.17 0.0096 -0.05)
(-0.165 0.0096 -0.05)
(-0.16 0.0096 -0.05)
(-0.155 0.0096 -0.05)
(-0.15 0.0096 -0.05)
(-0.145 0.0096 -0.05)
(-0.14 0.0096 -0.05)
(-0.135 0.0096 -0.05)
(-0.13 0.0096 -0.05)
(-0.125 0.0096 -0.05)
(-0.12 0.0096 -0.05)
(-0.115 0.0096 -0.05)
(-0.11 0.0096 -0.05)
(-0.105 0.0096 -0.05)
(-0.1 0.0096 -0.05)
(-0.095 0.0096 -0.05)
(-0.09 0.0096 -0.05)
(-0.085 0.0096 -0.05)
(-0.08 0.0096 -0.05)
(-0.075 0.0096 -0.05)
(-0.07 0.0096 -0.05)
(-0.065 0.0096 -0.05)
(-0.06 0.0096 -0.05)
(-0.055 0.0096 -0.05)
(-0.05 0.0096 -0.05)
(-0.045 0.0096 -0.05)
(-0.04 0.0096 -0.05)
(-0.035 0.0096 -0.05)
(-0.03 0.0096 -0.05)
(-0.025 0.0096 -0.05)
(-0.02 0.0096 -0.05)
(-0.015 0.0096 -0.05)
(-0.01 0.0096 -0.05)
(-0.005 0.0096 -0.05)
(0 0.0096 -0.05)
(-0.245 0.01152 -0.05)
(-0.24 0.01152 -0.05)
(-0.235 0.01152 -0.05)
(-0.23 0.01152 -0.05)
(-0.225 0.01152 -0.05)
(-0.22 0.01152 -0.05)
(-0.215 0.01152 -0.05)
(-0.21 0.01152 -0.05)
(-0.205 0.01152 -0.05)
(-0.2 0.01152 -0.05)
(-0.195 0.01152 -0.05)
(-0.19 0.01152 -0.05)
(-0.185 0.01152 -0.05)
(-0.18 0.01152 -0.05)
(-0.175 0.01152 -0.05)
(-0.17 0.01152 -0.05)
(-0.165 0.01152 -0.05)
(-0.16 0.01152 -0.05)
(-0.155 0.01152 -0.05)
(-0.15 0.01152 -0.05)
(-0.145 0.01152 -0.05)
(-0.14 0.01152 -0.05)
(-0.135 0.01152 -0.05)
(-0.13 0.01152 -0.05)
(-0.125 0.01152 -0.05)
(-0.12 0.01152 -0.05)
(-0.115 0.01152 -0.05)
(-0.11 0.01152 -0.05)
(-0.105 0.01152 -0.05)
(-0.1 0.01152 -0.05)
(-0.095 0.01152 -0.05)
(-0.09 0.01152 -0.05)
(-0.085 0.01152 -0.05)
(-0.08 0.01152 -0.05)
(-0.075 0.01152 -0.05)
(-0.07 0.01152 -0.05)
(-0.065 0.01152 -0.05)
(-0.06 0.01152 -0.05)
(-0.055 0.01152 -0.05)
(-0.05 0.01152 -0.05)
(-0.045 0.01152 -0.05)
(-0.04 0.01152 -0.05)
(-0.035 0.01152 -0.05)
(-0.03 0.01152 -0.05)
(-0.025 0.01152 -0.05)
(-0.02 0.01152 -0.05)
(-0.015 0.01152 -0.05)
(-0.01 0.01152 -0.05)
(-0.005 0.01152 -0.05)
(0 0.01152 -0.05)
(-0.245 0.01344 -0.05)
(-0.24 0.01344 -0.05)
(-0.235 0.01344 -0.05)
(-0.23 0.01344 -0.05)
(-0.225 0.01344 -0.05)
(-0.22 0.01344 -0.05)
(-0.215 0.01344 -0.05)
(-0.21 0.01344 -0.05)
(-0.205 0.01344 -0.05)
(-0.2 0.01344 -0.05)
(-0.195 0.01344 -0.05)
(-0.19 0.01344 -0.05)
(-0.185 0.01344 -0.05)
(-0.18 0.01344 -0.05)
(-0.175 0.01344 -0.05)
(-0.17 0.01344 -0.05)
(-0.165 0.01344 -0.05)
(-0.16 0.01344 -0.05)
(-0.155 0.01344 -0.05)
(-0.15 0.01344 -0.05)
(-0.145 0.01344 -0.05)
(-0.14 0.01344 -0.05)
(-0.135 0.01344 -0.05)
(-0.13 0.01344 -0.05)
(-0.125 0.01344 -0.05)
(-0.12 0.01344 -0.05)
(-0.115 0.01344 -0.05)
(-0.11 0.01344 -0.05)
(-0.105 0.01344 -0.05)
(-0.1 0.01344 -0.05)
(-0.095 0.01344 -0.05)
(-0.09 0.01344 -0.05)
(-0.085 0.01344 -0.05)
(-0.08 0.01344 -0.05)
(-0.075 0.01344 -0.05)
(-0.07 0.01344 -0.05)
(-0.065 0.01344 -0.05)
(-0.06 0.01344 -0.05)
(-0.055 0.01344 -0.05)
(-0.05 0.01344 -0.05)
(-0.045 0.01344 -0.05)
(-0.04 0.01344 -0.05)
(-0.035 0.01344 -0.05)
(-0.03 0.01344 -0.05)
(-0.025 0.01344 -0.05)
(-0.02 0.01344 -0.05)
(-0.015 0.01344 -0.05)
(-0.01 0.01344 -0.05)
(-0.005 0.01344 -0.05)
(7.10543e-18 0.01344 -0.05)
(-0.245 0.01536 -0.05)
(-0.24 0.01536 -0.05)
(-0.235 0.01536 -0.05)
(-0.23 0.01536 -0.05)
(-0.225 0.01536 -0.05)
(-0.22 0.01536 -0.05)
(-0.215 0.01536 -0.05)
(-0.21 0.01536 -0.05)
(-0.205 0.01536 -0.05)
(-0.2 0.01536 -0.05)
(-0.195 0.01536 -0.05)
(-0.19 0.01536 -0.05)
(-0.185 0.01536 -0.05)
(-0.18 0.01536 -0.05)
(-0.175 0.01536 -0.05)
(-0.17 0.01536 -0.05)
(-0.165 0.01536 -0.05)
(-0.16 0.01536 -0.05)
(-0.155 0.01536 -0.05)
(-0.15 0.01536 -0.05)
(-0.145 0.01536 -0.05)
(-0.14 0.01536 -0.05)
(-0.135 0.01536 -0.05)
(-0.13 0.01536 -0.05)
(-0.125 0.01536 -0.05)
(-0.12 0.01536 -0.05)
(-0.115 0.01536 -0.05)
(-0.11 0.01536 -0.05)
(-0.105 0.01536 -0.05)
(-0.1 0.01536 -0.05)
(-0.095 0.01536 -0.05)
(-0.09 0.01536 -0.05)
(-0.085 0.01536 -0.05)
(-0.08 0.01536 -0.05)
(-0.075 0.01536 -0.05)
(-0.07 0.01536 -0.05)
(-0.065 0.01536 -0.05)
(-0.06 0.01536 -0.05)
(-0.055 0.01536 -0.05)
(-0.05 0.01536 -0.05)
(-0.045 0.01536 -0.05)
(-0.04 0.01536 -0.05)
(-0.035 0.01536 -0.05)
(-0.03 0.01536 -0.05)
(-0.025 0.01536 -0.05)
(-0.02 0.01536 -0.05)
(-0.015 0.01536 -0.05)
(-0.01 0.01536 -0.05)
(-0.005 0.01536 -0.05)
(1.42109e-17 0.01536 -0.05)
(-0.245 0.01728 -0.05)
(-0.24 0.01728 -0.05)
(-0.235 0.01728 -0.05)
(-0.23 0.01728 -0.05)
(-0.225 0.01728 -0.05)
(-0.22 0.01728 -0.05)
(-0.215 0.01728 -0.05)
(-0.21 0.01728 -0.05)
(-0.205 0.01728 -0.05)
(-0.2 0.01728 -0.05)
(-0.195 0.01728 -0.05)
(-0.19 0.01728 -0.05)
(-0.185 0.01728 -0.05)
(-0.18 0.01728 -0.05)
(-0.175 0.01728 -0.05)
(-0.17 0.01728 -0.05)
(-0.165 0.01728 -0.05)
(-0.16 0.01728 -0.05)
(-0.155 0.01728 -0.05)
(-0.15 0.01728 -0.05)
(-0.145 0.01728 -0.05)
(-0.14 0.01728 -0.05)
(-0.135 0.01728 -0.05)
(-0.13 0.01728 -0.05)
(-0.125 0.01728 -0.05)
(-0.12 0.01728 -0.05)
(-0.115 0.01728 -0.05)
(-0.11 0.01728 -0.05)
(-0.105 0.01728 -0.05)
(-0.1 0.01728 -0.05)
(-0.095 0.01728 -0.05)
(-0.09 0.01728 -0.05)
(-0.085 0.01728 -0.05)
(-0.08 0.01728 -0.05)
(-0.075 0.01728 -0.05)
(-0.07 0.01728 -0.05)
(-0.065 0.01728 -0.05)
(-0.06 0.01728 -0.05)
(-0.055 0.01728 -0.05)
(-0.05 0.01728 -0.05)
(-0.045 0.01728 -0.05)
(-0.04 0.01728 -0.05)
(-0.035 0.01728 -0.05)
(-0.03 0.01728 -0.05)
(-0.025 0.01728 -0.05)
(-0.02 0.01728 -0.05)
(-0.015 0.01728 -0.05)
(-0.01 0.01728 -0.05)
(-0.005 0.01728 -0.05)
(1.42109e-17 0.01728 -0.05)
(-0.245 0.0192 -0.05)
(-0.24 0.0192 -0.05)
(-0.235 0.0192 -0.05)
(-0.23 0.0192 -0.05)
(-0.225 0.0192 -0.05)
(-0.22 0.0192 -0.05)
(-0.215 0.0192 -0.05)
(-0.21 0.0192 -0.05)
(-0.205 0.0192 -0.05)
(-0.2 0.0192 -0.05)
(-0.195 0.0192 -0.05)
(-0.19 0.0192 -0.05)
(-0.185 0.0192 -0.05)
(-0.18 0.0192 -0.05)
(-0.175 0.0192 -0.05)
(-0.17 0.0192 -0.05)
(-0.165 0.0192 -0.05)
(-0.16 0.0192 -0.05)
(-0.155 0.0192 -0.05)
(-0.15 0.0192 -0.05)
(-0.145 0.0192 -0.05)
(-0.14 0.0192 -0.05)
(-0.135 0.0192 -0.05)
(-0.13 0.0192 -0.05)
(-0.125 0.0192 -0.05)
(-0.12 0.0192 -0.05)
(-0.115 0.0192 -0.05)
(-0.11 0.0192 -0.05)
(-0.105 0.0192 -0.05)
(-0.1 0.0192 -0.05)
(-0.095 0.0192 -0.05)
(-0.09 0.0192 -0.05)
(-0.085 0.0192 -0.05)
(-0.08 0.0192 -0.05)
(-0.075 0.0192 -0.05)
(-0.07 0.0192 -0.05)
(-0.065 0.0192 -0.05)
(-0.06 0.0192 -0.05)
(-0.055 0.0192 -0.05)
(-0.05 0.0192 -0.05)
(-0.045 0.0192 -0.05)
(-0.04 0.0192 -0.05)
(-0.035 0.0192 -0.05)
(-0.03 0.0192 -0.05)
(-0.025 0.0192 -0.05)
(-0.02 0.0192 -0.05)
(-0.015 0.0192 -0.05)
(-0.01 0.0192 -0.05)
(-0.005 0.0192 -0.05)
(0 0.0192 -0.05)
(-0.245 0.02112 -0.05)
(-0.24 0.02112 -0.05)
(-0.235 0.02112 -0.05)
(-0.23 0.02112 -0.05)
(-0.225 0.02112 -0.05)
(-0.22 0.02112 -0.05)
(-0.215 0.02112 -0.05)
(-0.21 0.02112 -0.05)
(-0.205 0.02112 -0.05)
(-0.2 0.02112 -0.05)
(-0.195 0.02112 -0.05)
(-0.19 0.02112 -0.05)
(-0.185 0.02112 -0.05)
(-0.18 0.02112 -0.05)
(-0.175 0.02112 -0.05)
(-0.17 0.02112 -0.05)
(-0.165 0.02112 -0.05)
(-0.16 0.02112 -0.05)
(-0.155 0.02112 -0.05)
(-0.15 0.02112 -0.05)
(-0.145 0.02112 -0.05)
(-0.14 0.02112 -0.05)
(-0.135 0.02112 -0.05)
(-0.13 0.02112 -0.05)
(-0.125 0.02112 -0.05)
(-0.12 0.02112 -0.05)
(-0.115 0.02112 -0.05)
(-0.11 0.02112 -0.05)
(-0.105 0.02112 -0.05)
(-0.1 0.02112 -0.05)
(-0.095 0.02112 -0.05)
(-0.09 0.02112 -0.05)
(-0.085 0.02112 -0.05)
(-0.08 0.02112 -0.05)
(-0.075 0.02112 -0.05)
(-0.07 0.02112 -0.05)
(-0.065 0.02112 -0.05)
(-0.06 0.02112 -0.05)
(-0.055 0.02112 -0.05)
(-0.05 0.02112 -0.05)
(-0.045 0.02112 -0.05)
(-0.04 0.02112 -0.05)
(-0.035 0.02112 -0.05)
(-0.03 0.02112 -0.05)
(-0.025 0.02112 -0.05)
(-0.02 0.02112 -0.05)
(-0.015 0.02112 -0.05)
(-0.01 0.02112 -0.05)
(-0.005 0.02112 -0.05)
(7.10543e-18 0.02112 -0.05)
(-0.245 0.02304 -0.05)
(-0.24 0.02304 -0.05)
(-0.235 0.02304 -0.05)
(-0.23 0.02304 -0.05)
(-0.225 0.02304 -0.05)
(-0.22 0.02304 -0.05)
(-0.215 0.02304 -0.05)
(-0.21 0.02304 -0.05)
(-0.205 0.02304 -0.05)
(-0.2 0.02304 -0.05)
(-0.195 0.02304 -0.05)
(-0.19 0.02304 -0.05)
(-0.185 0.02304 -0.05)
(-0.18 0.02304 -0.05)
(-0.175 0.02304 -0.05)
(-0.17 0.02304 -0.05)
(-0.165 0.02304 -0.05)
(-0.16 0.02304 -0.05)
(-0.155 0.02304 -0.05)
(-0.15 0.02304 -0.05)
(-0.145 0.02304 -0.05)
(-0.14 0.02304 -0.05)
(-0.135 0.02304 -0.05)
(-0.13 0.02304 -0.05)
(-0.125 0.02304 -0.05)
(-0.12 0.02304 -0.05)
(-0.115 0.02304 -0.05)
(-0.11 0.02304 -0.05)
(-0.105 0.02304 -0.05)
(-0.1 0.02304 -0.05)
(-0.095 0.02304 -0.05)
(-0.09 0.02304 -0.05)
(-0.085 0.02304 -0.05)
(-0.08 0.02304 -0.05)
(-0.075 0.02304 -0.05)
(-0.07 0.02304 -0.05)
(-0.065 0.02304 -0.05)
(-0.06 0.02304 -0.05)
(-0.055 0.02304 -0.05)
(-0.05 0.02304 -0.05)
(-0.045 0.02304 -0.05)
(-0.04 0.02304 -0.05)
(-0.035 0.02304 -0.05)
(-0.03 0.02304 -0.05)
(-0.025 0.02304 -0.05)
(-0.02 0.02304 -0.05)
(-0.015 0.02304 -0.05)
(-0.01 0.02304 -0.05)
(-0.005 0.02304 -0.05)
(7.10543e-18 0.02304 -0.05)
(-0.245 0.02496 -0.05)
(-0.24 0.02496 -0.05)
(-0.235 0.02496 -0.05)
(-0.23 0.02496 -0.05)
(-0.225 0.02496 -0.05)
(-0.22 0.02496 -0.05)
(-0.215 0.02496 -0.05)
(-0.21 0.02496 -0.05)
(-0.205 0.02496 -0.05)
(-0.2 0.02496 -0.05)
(-0.195 0.02496 -0.05)
(-0.19 0.02496 -0.05)
(-0.185 0.02496 -0.05)
(-0.18 0.02496 -0.05)
(-0.175 0.02496 -0.05)
(-0.17 0.02496 -0.05)
(-0.165 0.02496 -0.05)
(-0.16 0.02496 -0.05)
(-0.155 0.02496 -0.05)
(-0.15 0.02496 -0.05)
(-0.145 0.02496 -0.05)
(-0.14 0.02496 -0.05)
(-0.135 0.02496 -0.05)
(-0.13 0.02496 -0.05)
(-0.125 0.02496 -0.05)
(-0.12 0.02496 -0.05)
(-0.115 0.02496 -0.05)
(-0.11 0.02496 -0.05)
(-0.105 0.02496 -0.05)
(-0.1 0.02496 -0.05)
(-0.095 0.02496 -0.05)
(-0.09 0.02496 -0.05)
(-0.085 0.02496 -0.05)
(-0.08 0.02496 -0.05)
(-0.075 0.02496 -0.05)
(-0.07 0.02496 -0.05)
(-0.065 0.02496 -0.05)
(-0.06 0.02496 -0.05)
(-0.055 0.02496 -0.05)
(-0.05 0.02496 -0.05)
(-0.045 0.02496 -0.05)
(-0.04 0.02496 -0.05)
(-0.035 0.02496 -0.05)
(-0.03 0.02496 -0.05)
(-0.025 0.02496 -0.05)
(-0.02 0.02496 -0.05)
(-0.015 0.02496 -0.05)
(-0.01 0.02496 -0.05)
(-0.005 0.02496 -0.05)
(3.55271e-18 0.02496 -0.05)
(-0.245 0.02688 -0.05)
(-0.24 0.02688 -0.05)
(-0.235 0.02688 -0.05)
(-0.23 0.02688 -0.05)
(-0.225 0.02688 -0.05)
(-0.22 0.02688 -0.05)
(-0.215 0.02688 -0.05)
(-0.21 0.02688 -0.05)
(-0.205 0.02688 -0.05)
(-0.2 0.02688 -0.05)
(-0.195 0.02688 -0.05)
(-0.19 0.02688 -0.05)
(-0.185 0.02688 -0.05)
(-0.18 0.02688 -0.05)
(-0.175 0.02688 -0.05)
(-0.17 0.02688 -0.05)
(-0.165 0.02688 -0.05)
(-0.16 0.02688 -0.05)
(-0.155 0.02688 -0.05)
(-0.15 0.02688 -0.05)
(-0.145 0.02688 -0.05)
(-0.14 0.02688 -0.05)
(-0.135 0.02688 -0.05)
(-0.13 0.02688 -0.05)
(-0.125 0.02688 -0.05)
(-0.12 0.02688 -0.05)
(-0.115 0.02688 -0.05)
(-0.11 0.02688 -0.05)
(-0.105 0.02688 -0.05)
(-0.1 0.02688 -0.05)
(-0.095 0.02688 -0.05)
(-0.09 0.02688 -0.05)
(-0.085 0.02688 -0.05)
(-0.08 0.02688 -0.05)
(-0.075 0.02688 -0.05)
(-0.07 0.02688 -0.05)
(-0.065 0.02688 -0.05)
(-0.06 0.02688 -0.05)
(-0.055 0.02688 -0.05)
(-0.05 0.02688 -0.05)
(-0.045 0.02688 -0.05)
(-0.04 0.02688 -0.05)
(-0.035 0.02688 -0.05)
(-0.03 0.02688 -0.05)
(-0.025 0.02688 -0.05)
(-0.02 0.02688 -0.05)
(-0.015 0.02688 -0.05)
(-0.01 0.02688 -0.05)
(-0.005 0.02688 -0.05)
(7.10543e-18 0.02688 -0.05)
(-0.245 0.0288 -0.05)
(-0.24 0.0288 -0.05)
(-0.235 0.0288 -0.05)
(-0.23 0.0288 -0.05)
(-0.225 0.0288 -0.05)
(-0.22 0.0288 -0.05)
(-0.215 0.0288 -0.05)
(-0.21 0.0288 -0.05)
(-0.205 0.0288 -0.05)
(-0.2 0.0288 -0.05)
(-0.195 0.0288 -0.05)
(-0.19 0.0288 -0.05)
(-0.185 0.0288 -0.05)
(-0.18 0.0288 -0.05)
(-0.175 0.0288 -0.05)
(-0.17 0.0288 -0.05)
(-0.165 0.0288 -0.05)
(-0.16 0.0288 -0.05)
(-0.155 0.0288 -0.05)
(-0.15 0.0288 -0.05)
(-0.145 0.0288 -0.05)
(-0.14 0.0288 -0.05)
(-0.135 0.0288 -0.05)
(-0.13 0.0288 -0.05)
(-0.125 0.0288 -0.05)
(-0.12 0.0288 -0.05)
(-0.115 0.0288 -0.05)
(-0.11 0.0288 -0.05)
(-0.105 0.0288 -0.05)
(-0.1 0.0288 -0.05)
(-0.095 0.0288 -0.05)
(-0.09 0.0288 -0.05)
(-0.085 0.0288 -0.05)
(-0.08 0.0288 -0.05)
(-0.075 0.0288 -0.05)
(-0.07 0.0288 -0.05)
(-0.065 0.0288 -0.05)
(-0.06 0.0288 -0.05)
(-0.055 0.0288 -0.05)
(-0.05 0.0288 -0.05)
(-0.045 0.0288 -0.05)
(-0.04 0.0288 -0.05)
(-0.035 0.0288 -0.05)
(-0.03 0.0288 -0.05)
(-0.025 0.0288 -0.05)
(-0.02 0.0288 -0.05)
(-0.015 0.0288 -0.05)
(-0.01 0.0288 -0.05)
(-0.005 0.0288 -0.05)
(1.06581e-17 0.0288 -0.05)
(-0.245 0.03072 -0.05)
(-0.24 0.03072 -0.05)
(-0.235 0.03072 -0.05)
(-0.23 0.03072 -0.05)
(-0.225 0.03072 -0.05)
(-0.22 0.03072 -0.05)
(-0.215 0.03072 -0.05)
(-0.21 0.03072 -0.05)
(-0.205 0.03072 -0.05)
(-0.2 0.03072 -0.05)
(-0.195 0.03072 -0.05)
(-0.19 0.03072 -0.05)
(-0.185 0.03072 -0.05)
(-0.18 0.03072 -0.05)
(-0.175 0.03072 -0.05)
(-0.17 0.03072 -0.05)
(-0.165 0.03072 -0.05)
(-0.16 0.03072 -0.05)
(-0.155 0.03072 -0.05)
(-0.15 0.03072 -0.05)
(-0.145 0.03072 -0.05)
(-0.14 0.03072 -0.05)
(-0.135 0.03072 -0.05)
(-0.13 0.03072 -0.05)
(-0.125 0.03072 -0.05)
(-0.12 0.03072 -0.05)
(-0.115 0.03072 -0.05)
(-0.11 0.03072 -0.05)
(-0.105 0.03072 -0.05)
(-0.1 0.03072 -0.05)
(-0.095 0.03072 -0.05)
(-0.09 0.03072 -0.05)
(-0.085 0.03072 -0.05)
(-0.08 0.03072 -0.05)
(-0.075 0.03072 -0.05)
(-0.07 0.03072 -0.05)
(-0.065 0.03072 -0.05)
(-0.06 0.03072 -0.05)
(-0.055 0.03072 -0.05)
(-0.05 0.03072 -0.05)
(-0.045 0.03072 -0.05)
(-0.04 0.03072 -0.05)
(-0.035 0.03072 -0.05)
(-0.03 0.03072 -0.05)
(-0.025 0.03072 -0.05)
(-0.02 0.03072 -0.05)
(-0.015 0.03072 -0.05)
(-0.01 0.03072 -0.05)
(-0.005 0.03072 -0.05)
(-3.55271e-18 0.03072 -0.05)
(-0.245 0.03264 -0.05)
(-0.24 0.03264 -0.05)
(-0.235 0.03264 -0.05)
(-0.23 0.03264 -0.05)
(-0.225 0.03264 -0.05)
(-0.22 0.03264 -0.05)
(-0.215 0.03264 -0.05)
(-0.21 0.03264 -0.05)
(-0.205 0.03264 -0.05)
(-0.2 0.03264 -0.05)
(-0.195 0.03264 -0.05)
(-0.19 0.03264 -0.05)
(-0.185 0.03264 -0.05)
(-0.18 0.03264 -0.05)
(-0.175 0.03264 -0.05)
(-0.17 0.03264 -0.05)
(-0.165 0.03264 -0.05)
(-0.16 0.03264 -0.05)
(-0.155 0.03264 -0.05)
(-0.15 0.03264 -0.05)
(-0.145 0.03264 -0.05)
(-0.14 0.03264 -0.05)
(-0.135 0.03264 -0.05)
(-0.13 0.03264 -0.05)
(-0.125 0.03264 -0.05)
(-0.12 0.03264 -0.05)
(-0.115 0.03264 -0.05)
(-0.11 0.03264 -0.05)
(-0.105 0.03264 -0.05)
(-0.1 0.03264 -0.05)
(-0.095 0.03264 -0.05)
(-0.09 0.03264 -0.05)
(-0.085 0.03264 -0.05)
(-0.08 0.03264 -0.05)
(-0.075 0.03264 -0.05)
(-0.07 0.03264 -0.05)
(-0.065 0.03264 -0.05)
(-0.06 0.03264 -0.05)
(-0.055 0.03264 -0.05)
(-0.05 0.03264 -0.05)
(-0.045 0.03264 -0.05)
(-0.04 0.03264 -0.05)
(-0.035 0.03264 -0.05)
(-0.03 0.03264 -0.05)
(-0.025 0.03264 -0.05)
(-0.02 0.03264 -0.05)
(-0.015 0.03264 -0.05)
(-0.01 0.03264 -0.05)
(-0.005 0.03264 -0.05)
(0 0.03264 -0.05)
(-0.245 0.03456 -0.05)
(-0.24 0.03456 -0.05)
(-0.235 0.03456 -0.05)
(-0.23 0.03456 -0.05)
(-0.225 0.03456 -0.05)
(-0.22 0.03456 -0.05)
(-0.215 0.03456 -0.05)
(-0.21 0.03456 -0.05)
(-0.205 0.03456 -0.05)
(-0.2 0.03456 -0.05)
(-0.195 0.03456 -0.05)
(-0.19 0.03456 -0.05)
(-0.185 0.03456 -0.05)
(-0.18 0.03456 -0.05)
(-0.175 0.03456 -0.05)
(-0.17 0.03456 -0.05)
(-0.165 0.03456 -0.05)
(-0.16 0.03456 -0.05)
(-0.155 0.03456 -0.05)
(-0.15 0.03456 -0.05)
(-0.145 0.03456 -0.05)
(-0.14 0.03456 -0.05)
(-0.135 0.03456 -0.05)
(-0.13 0.03456 -0.05)
(-0.125 0.03456 -0.05)
(-0.12 0.03456 -0.05)
(-0.115 0.03456 -0.05)
(-0.11 0.03456 -0.05)
(-0.105 0.03456 -0.05)
(-0.1 0.03456 -0.05)
(-0.095 0.03456 -0.05)
(-0.09 0.03456 -0.05)
(-0.085 0.03456 -0.05)
(-0.08 0.03456 -0.05)
(-0.075 0.03456 -0.05)
(-0.07 0.03456 -0.05)
(-0.065 0.03456 -0.05)
(-0.06 0.03456 -0.05)
(-0.055 0.03456 -0.05)
(-0.05 0.03456 -0.05)
(-0.045 0.03456 -0.05)
(-0.04 0.03456 -0.05)
(-0.035 0.03456 -0.05)
(-0.03 0.03456 -0.05)
(-0.025 0.03456 -0.05)
(-0.02 0.03456 -0.05)
(-0.015 0.03456 -0.05)
(-0.01 0.03456 -0.05)
(-0.005 0.03456 -0.05)
(3.55271e-18 0.03456 -0.05)
(-0.245 0.03648 -0.05)
(-0.24 0.03648 -0.05)
(-0.235 0.03648 -0.05)
(-0.23 0.03648 -0.05)
(-0.225 0.03648 -0.05)
(-0.22 0.03648 -0.05)
(-0.215 0.03648 -0.05)
(-0.21 0.03648 -0.05)
(-0.205 0.03648 -0.05)
(-0.2 0.03648 -0.05)
(-0.195 0.03648 -0.05)
(-0.19 0.03648 -0.05)
(-0.185 0.03648 -0.05)
(-0.18 0.03648 -0.05)
(-0.175 0.03648 -0.05)
(-0.17 0.03648 -0.05)
(-0.165 0.03648 -0.05)
(-0.16 0.03648 -0.05)
(-0.155 0.03648 -0.05)
(-0.15 0.03648 -0.05)
(-0.145 0.03648 -0.05)
(-0.14 0.03648 -0.05)
(-0.135 0.03648 -0.05)
(-0.13 0.03648 -0.05)
(-0.125 0.03648 -0.05)
(-0.12 0.03648 -0.05)
(-0.115 0.03648 -0.05)
(-0.11 0.03648 -0.05)
(-0.105 0.03648 -0.05)
(-0.1 0.03648 -0.05)
(-0.095 0.03648 -0.05)
(-0.09 0.03648 -0.05)
(-0.085 0.03648 -0.05)
(-0.08 0.03648 -0.05)
(-0.075 0.03648 -0.05)
(-0.07 0.03648 -0.05)
(-0.065 0.03648 -0.05)
(-0.06 0.03648 -0.05)
(-0.055 0.03648 -0.05)
(-0.05 0.03648 -0.05)
(-0.045 0.03648 -0.05)
(-0.04 0.03648 -0.05)
(-0.035 0.03648 -0.05)
(-0.03 0.03648 -0.05)
(-0.025 0.03648 -0.05)
(-0.02 0.03648 -0.05)
(-0.015 0.03648 -0.05)
(-0.01 0.03648 -0.05)
(-0.005 0.03648 -0.05)
(3.55271e-18 0.03648 -0.05)
(-0.245 0.0384 -0.05)
(-0.24 0.0384 -0.05)
(-0.235 0.0384 -0.05)
(-0.23 0.0384 -0.05)
(-0.225 0.0384 -0.05)
(-0.22 0.0384 -0.05)
(-0.215 0.0384 -0.05)
(-0.21 0.0384 -0.05)
(-0.205 0.0384 -0.05)
(-0.2 0.0384 -0.05)
(-0.195 0.0384 -0.05)
(-0.19 0.0384 -0.05)
(-0.185 0.0384 -0.05)
(-0.18 0.0384 -0.05)
(-0.175 0.0384 -0.05)
(-0.17 0.0384 -0.05)
(-0.165 0.0384 -0.05)
(-0.16 0.0384 -0.05)
(-0.155 0.0384 -0.05)
(-0.15 0.0384 -0.05)
(-0.145 0.0384 -0.05)
(-0.14 0.0384 -0.05)
(-0.135 0.0384 -0.05)
(-0.13 0.0384 -0.05)
(-0.125 0.0384 -0.05)
(-0.12 0.0384 -0.05)
(-0.115 0.0384 -0.05)
(-0.11 0.0384 -0.05)
(-0.105 0.0384 -0.05)
(-0.1 0.0384 -0.05)
(-0.095 0.0384 -0.05)
(-0.09 0.0384 -0.05)
(-0.085 0.0384 -0.05)
(-0.08 0.0384 -0.05)
(-0.075 0.0384 -0.05)
(-0.07 0.0384 -0.05)
(-0.065 0.0384 -0.05)
(-0.06 0.0384 -0.05)
(-0.055 0.0384 -0.05)
(-0.05 0.0384 -0.05)
(-0.045 0.0384 -0.05)
(-0.04 0.0384 -0.05)
(-0.035 0.0384 -0.05)
(-0.03 0.0384 -0.05)
(-0.025 0.0384 -0.05)
(-0.02 0.0384 -0.05)
(-0.015 0.0384 -0.05)
(-0.01 0.0384 -0.05)
(-0.005 0.0384 -0.05)
(7.10543e-18 0.0384 -0.05)
(-0.245 0.04032 -0.05)
(-0.24 0.04032 -0.05)
(-0.235 0.04032 -0.05)
(-0.23 0.04032 -0.05)
(-0.225 0.04032 -0.05)
(-0.22 0.04032 -0.05)
(-0.215 0.04032 -0.05)
(-0.21 0.04032 -0.05)
(-0.205 0.04032 -0.05)
(-0.2 0.04032 -0.05)
(-0.195 0.04032 -0.05)
(-0.19 0.04032 -0.05)
(-0.185 0.04032 -0.05)
(-0.18 0.04032 -0.05)
(-0.175 0.04032 -0.05)
(-0.17 0.04032 -0.05)
(-0.165 0.04032 -0.05)
(-0.16 0.04032 -0.05)
(-0.155 0.04032 -0.05)
(-0.15 0.04032 -0.05)
(-0.145 0.04032 -0.05)
(-0.14 0.04032 -0.05)
(-0.135 0.04032 -0.05)
(-0.13 0.04032 -0.05)
(-0.125 0.04032 -0.05)
(-0.12 0.04032 -0.05)
(-0.115 0.04032 -0.05)
(-0.11 0.04032 -0.05)
(-0.105 0.04032 -0.05)
(-0.1 0.04032 -0.05)
(-0.095 0.04032 -0.05)
(-0.09 0.04032 -0.05)
(-0.085 0.04032 -0.05)
(-0.08 0.04032 -0.05)
(-0.075 0.04032 -0.05)
(-0.07 0.04032 -0.05)
(-0.065 0.04032 -0.05)
(-0.06 0.04032 -0.05)
(-0.055 0.04032 -0.05)
(-0.05 0.04032 -0.05)
(-0.045 0.04032 -0.05)
(-0.04 0.04032 -0.05)
(-0.035 0.04032 -0.05)
(-0.03 0.04032 -0.05)
(-0.025 0.04032 -0.05)
(-0.02 0.04032 -0.05)
(-0.015 0.04032 -0.05)
(-0.01 0.04032 -0.05)
(-0.005 0.04032 -0.05)
(7.10543e-18 0.04032 -0.05)
(-0.245 0.04224 -0.05)
(-0.24 0.04224 -0.05)
(-0.235 0.04224 -0.05)
(-0.23 0.04224 -0.05)
(-0.225 0.04224 -0.05)
(-0.22 0.04224 -0.05)
(-0.215 0.04224 -0.05)
(-0.21 0.04224 -0.05)
(-0.205 0.04224 -0.05)
(-0.2 0.04224 -0.05)
(-0.195 0.04224 -0.05)
(-0.19 0.04224 -0.05)
(-0.185 0.04224 -0.05)
(-0.18 0.04224 -0.05)
(-0.175 0.04224 -0.05)
(-0.17 0.04224 -0.05)
(-0.165 0.04224 -0.05)
(-0.16 0.04224 -0.05)
(-0.155 0.04224 -0.05)
(-0.15 0.04224 -0.05)
(-0.145 0.04224 -0.05)
(-0.14 0.04224 -0.05)
(-0.135 0.04224 -0.05)
(-0.13 0.04224 -0.05)
(-0.125 0.04224 -0.05)
(-0.12 0.04224 -0.05)
(-0.115 0.04224 -0.05)
(-0.11 0.04224 -0.05)
(-0.105 0.04224 -0.05)
(-0.1 0.04224 -0.05)
(-0.095 0.04224 -0.05)
(-0.09 0.04224 -0.05)
(-0.085 0.04224 -0.05)
(-0.08 0.04224 -0.05)
(-0.075 0.04224 -0.05)
(-0.07 0.04224 -0.05)
(-0.065 0.04224 -0.05)
(-0.06 0.04224 -0.05)
(-0.055 0.04224 -0.05)
(-0.05 0.04224 -0.05)
(-0.045 0.04224 -0.05)
(-0.04 0.04224 -0.05)
(-0.035 0.04224 -0.05)
(-0.03 0.04224 -0.05)
(-0.025 0.04224 -0.05)
(-0.02 0.04224 -0.05)
(-0.015 0.04224 -0.05)
(-0.01 0.04224 -0.05)
(-0.005 0.04224 -0.05)
(-5.32907e-18 0.04224 -0.05)
(-0.245 0.04416 -0.05)
(-0.24 0.04416 -0.05)
(-0.235 0.04416 -0.05)
(-0.23 0.04416 -0.05)
(-0.225 0.04416 -0.05)
(-0.22 0.04416 -0.05)
(-0.215 0.04416 -0.05)
(-0.21 0.04416 -0.05)
(-0.205 0.04416 -0.05)
(-0.2 0.04416 -0.05)
(-0.195 0.04416 -0.05)
(-0.19 0.04416 -0.05)
(-0.185 0.04416 -0.05)
(-0.18 0.04416 -0.05)
(-0.175 0.04416 -0.05)
(-0.17 0.04416 -0.05)
(-0.165 0.04416 -0.05)
(-0.16 0.04416 -0.05)
(-0.155 0.04416 -0.05)
(-0.15 0.04416 -0.05)
(-0.145 0.04416 -0.05)
(-0.14 0.04416 -0.05)
(-0.135 0.04416 -0.05)
(-0.13 0.04416 -0.05)
(-0.125 0.04416 -0.05)
(-0.12 0.04416 -0.05)
(-0.115 0.04416 -0.05)
(-0.11 0.04416 -0.05)
(-0.105 0.04416 -0.05)
(-0.1 0.04416 -0.05)
(-0.095 0.04416 -0.05)
(-0.09 0.04416 -0.05)
(-0.085 0.04416 -0.05)
(-0.08 0.04416 -0.05)
(-0.075 0.04416 -0.05)
(-0.07 0.04416 -0.05)
(-0.065 0.04416 -0.05)
(-0.06 0.04416 -0.05)
(-0.055 0.04416 -0.05)
(-0.05 0.04416 -0.05)
(-0.045 0.04416 -0.05)
(-0.04 0.04416 -0.05)
(-0.035 0.04416 -0.05)
(-0.03 0.04416 -0.05)
(-0.025 0.04416 -0.05)
(-0.02 0.04416 -0.05)
(-0.015 0.04416 -0.05)
(-0.01 0.04416 -0.05)
(-0.005 0.04416 -0.05)
(-3.55271e-18 0.04416 -0.05)
(-0.245 0.04608 -0.05)
(-0.24 0.04608 -0.05)
(-0.235 0.04608 -0.05)
(-0.23 0.04608 -0.05)
(-0.225 0.04608 -0.05)
(-0.22 0.04608 -0.05)
(-0.215 0.04608 -0.05)
(-0.21 0.04608 -0.05)
(-0.205 0.04608 -0.05)
(-0.2 0.04608 -0.05)
(-0.195 0.04608 -0.05)
(-0.19 0.04608 -0.05)
(-0.185 0.04608 -0.05)
(-0.18 0.04608 -0.05)
(-0.175 0.04608 -0.05)
(-0.17 0.04608 -0.05)
(-0.165 0.04608 -0.05)
(-0.16 0.04608 -0.05)
(-0.155 0.04608 -0.05)
(-0.15 0.04608 -0.05)
(-0.145 0.04608 -0.05)
(-0.14 0.04608 -0.05)
(-0.135 0.04608 -0.05)
(-0.13 0.04608 -0.05)
(-0.125 0.04608 -0.05)
(-0.12 0.04608 -0.05)
(-0.115 0.04608 -0.05)
(-0.11 0.04608 -0.05)
(-0.105 0.04608 -0.05)
(-0.1 0.04608 -0.05)
(-0.095 0.04608 -0.05)
(-0.09 0.04608 -0.05)
(-0.085 0.04608 -0.05)
(-0.08 0.04608 -0.05)
(-0.075 0.04608 -0.05)
(-0.07 0.04608 -0.05)
(-0.065 0.04608 -0.05)
(-0.06 0.04608 -0.05)
(-0.055 0.04608 -0.05)
(-0.05 0.04608 -0.05)
(-0.045 0.04608 -0.05)
(-0.04 0.04608 -0.05)
(-0.035 0.04608 -0.05)
(-0.03 0.04608 -0.05)
(-0.025 0.04608 -0.05)
(-0.02 0.04608 -0.05)
(-0.015 0.04608 -0.05)
(-0.01 0.04608 -0.05)
(-0.005 0.04608 -0.05)
(-1.77636e-18 0.04608 -0.05)
(-0.25 0.0498 0.05)
(-0.25 0.0496 0.05)
(-0.25 0.0494 0.05)
(-0.25 0.0492 0.05)
(-0.25 0.049 0.05)
(-0.25 0.0488 0.05)
(-0.25 0.0486 0.05)
(-0.25 0.0484 0.05)
(-0.25 0.0482 0.05)
(-0.25 0.048 0.05)
(0 0.0498 0.05)
(-0.005 0.0498 0.05)
(-0.01 0.0498 0.05)
(-0.015 0.0498 0.05)
(-0.02 0.0498 0.05)
(-0.025 0.0498 0.05)
(-0.03 0.0498 0.05)
(-0.035 0.0498 0.05)
(-0.04 0.0498 0.05)
(-0.045 0.0498 0.05)
(-0.05 0.0498 0.05)
(-0.055 0.0498 0.05)
(-0.06 0.0498 0.05)
(-0.065 0.0498 0.05)
(-0.07 0.0498 0.05)
(-0.075 0.0498 0.05)
(-0.08 0.0498 0.05)
(-0.085 0.0498 0.05)
(-0.09 0.0498 0.05)
(-0.095 0.0498 0.05)
(-0.1 0.0498 0.05)
(-0.105 0.0498 0.05)
(-0.11 0.0498 0.05)
(-0.115 0.0498 0.05)
(-0.12 0.0498 0.05)
(-0.125 0.0498 0.05)
(-0.13 0.0498 0.05)
(-0.135 0.0498 0.05)
(-0.14 0.0498 0.05)
(-0.145 0.0498 0.05)
(-0.15 0.0498 0.05)
(-0.155 0.0498 0.05)
(-0.16 0.0498 0.05)
(-0.165 0.0498 0.05)
(-0.17 0.0498 0.05)
(-0.175 0.0498 0.05)
(-0.18 0.0498 0.05)
(-0.185 0.0498 0.05)
(-0.19 0.0498 0.05)
(-0.195 0.0498 0.05)
(-0.2 0.0498 0.05)
(-0.205 0.0498 0.05)
(-0.21 0.0498 0.05)
(-0.215 0.0498 0.05)
(-0.22 0.0498 0.05)
(-0.225 0.0498 0.05)
(-0.23 0.0498 0.05)
(-0.235 0.0498 0.05)
(-0.24 0.0498 0.05)
(-0.245 0.0498 0.05)
(0 0.0496 0.05)
(-0.005 0.0496 0.05)
(-0.01 0.0496 0.05)
(-0.015 0.0496 0.05)
(-0.02 0.0496 0.05)
(-0.025 0.0496 0.05)
(-0.03 0.0496 0.05)
(-0.035 0.0496 0.05)
(-0.04 0.0496 0.05)
(-0.045 0.0496 0.05)
(-0.05 0.0496 0.05)
(-0.055 0.0496 0.05)
(-0.06 0.0496 0.05)
(-0.065 0.0496 0.05)
(-0.07 0.0496 0.05)
(-0.075 0.0496 0.05)
(-0.08 0.0496 0.05)
(-0.085 0.0496 0.05)
(-0.09 0.0496 0.05)
(-0.095 0.0496 0.05)
(-0.1 0.0496 0.05)
(-0.105 0.0496 0.05)
(-0.11 0.0496 0.05)
(-0.115 0.0496 0.05)
(-0.12 0.0496 0.05)
(-0.125 0.0496 0.05)
(-0.13 0.0496 0.05)
(-0.135 0.0496 0.05)
(-0.14 0.0496 0.05)
(-0.145 0.0496 0.05)
(-0.15 0.0496 0.05)
(-0.155 0.0496 0.05)
(-0.16 0.0496 0.05)
(-0.165 0.0496 0.05)
(-0.17 0.0496 0.05)
(-0.175 0.0496 0.05)
(-0.18 0.0496 0.05)
(-0.185 0.0496 0.05)
(-0.19 0.0496 0.05)
(-0.195 0.0496 0.05)
(-0.2 0.0496 0.05)
(-0.205 0.0496 0.05)
(-0.21 0.0496 0.05)
(-0.215 0.0496 0.05)
(-0.22 0.0496 0.05)
(-0.225 0.0496 0.05)
(-0.23 0.0496 0.05)
(-0.235 0.0496 0.05)
(-0.24 0.0496 0.05)
(-0.245 0.0496 0.05)
(0 0.0494 0.05)
(-0.005 0.0494 0.05)
(-0.01 0.0494 0.05)
(-0.015 0.0494 0.05)
(-0.02 0.0494 0.05)
(-0.025 0.0494 0.05)
(-0.03 0.0494 0.05)
(-0.035 0.0494 0.05)
(-0.04 0.0494 0.05)
(-0.045 0.0494 0.05)
(-0.05 0.0494 0.05)
(-0.055 0.0494 0.05)
(-0.06 0.0494 0.05)
(-0.065 0.0494 0.05)
(-0.07 0.0494 0.05)
(-0.075 0.0494 0.05)
(-0.08 0.0494 0.05)
(-0.085 0.0494 0.05)
(-0.09 0.0494 0.05)
(-0.095 0.0494 0.05)
(-0.1 0.0494 0.05)
(-0.105 0.0494 0.05)
(-0.11 0.0494 0.05)
(-0.115 0.0494 0.05)
(-0.12 0.0494 0.05)
(-0.125 0.0494 0.05)
(-0.13 0.0494 0.05)
(-0.135 0.0494 0.05)
(-0.14 0.0494 0.05)
(-0.145 0.0494 0.05)
(-0.15 0.0494 0.05)
(-0.155 0.0494 0.05)
(-0.16 0.0494 0.05)
(-0.165 0.0494 0.05)
(-0.17 0.0494 0.05)
(-0.175 0.0494 0.05)
(-0.18 0.0494 0.05)
(-0.185 0.0494 0.05)
(-0.19 0.0494 0.05)
(-0.195 0.0494 0.05)
(-0.2 0.0494 0.05)
(-0.205 0.0494 0.05)
(-0.21 0.0494 0.05)
(-0.215 0.0494 0.05)
(-0.22 0.0494 0.05)
(-0.225 0.0494 0.05)
(-0.23 0.0494 0.05)
(-0.235 0.0494 0.05)
(-0.24 0.0494 0.05)
(-0.245 0.0494 0.05)
(0 0.0492 0.05)
(-0.005 0.0492 0.05)
(-0.01 0.0492 0.05)
(-0.015 0.0492 0.05)
(-0.02 0.0492 0.05)
(-0.025 0.0492 0.05)
(-0.03 0.0492 0.05)
(-0.035 0.0492 0.05)
(-0.04 0.0492 0.05)
(-0.045 0.0492 0.05)
(-0.05 0.0492 0.05)
(-0.055 0.0492 0.05)
(-0.06 0.0492 0.05)
(-0.065 0.0492 0.05)
(-0.07 0.0492 0.05)
(-0.075 0.0492 0.05)
(-0.08 0.0492 0.05)
(-0.085 0.0492 0.05)
(-0.09 0.0492 0.05)
(-0.095 0.0492 0.05)
(-0.1 0.0492 0.05)
(-0.105 0.0492 0.05)
(-0.11 0.0492 0.05)
(-0.115 0.0492 0.05)
(-0.12 0.0492 0.05)
(-0.125 0.0492 0.05)
(-0.13 0.0492 0.05)
(-0.135 0.0492 0.05)
(-0.14 0.0492 0.05)
(-0.145 0.0492 0.05)
(-0.15 0.0492 0.05)
(-0.155 0.0492 0.05)
(-0.16 0.0492 0.05)
(-0.165 0.0492 0.05)
(-0.17 0.0492 0.05)
(-0.175 0.0492 0.05)
(-0.18 0.0492 0.05)
(-0.185 0.0492 0.05)
(-0.19 0.0492 0.05)
(-0.195 0.0492 0.05)
(-0.2 0.0492 0.05)
(-0.205 0.0492 0.05)
(-0.21 0.0492 0.05)
(-0.215 0.0492 0.05)
(-0.22 0.0492 0.05)
(-0.225 0.0492 0.05)
(-0.23 0.0492 0.05)
(-0.235 0.0492 0.05)
(-0.24 0.0492 0.05)
(-0.245 0.0492 0.05)
(0 0.049 0.05)
(-0.005 0.049 0.05)
(-0.01 0.049 0.05)
(-0.015 0.049 0.05)
(-0.02 0.049 0.05)
(-0.025 0.049 0.05)
(-0.03 0.049 0.05)
(-0.035 0.049 0.05)
(-0.04 0.049 0.05)
(-0.045 0.049 0.05)
(-0.05 0.049 0.05)
(-0.055 0.049 0.05)
(-0.06 0.049 0.05)
(-0.065 0.049 0.05)
(-0.07 0.049 0.05)
(-0.075 0.049 0.05)
(-0.08 0.049 0.05)
(-0.085 0.049 0.05)
(-0.09 0.049 0.05)
(-0.095 0.049 0.05)
(-0.1 0.049 0.05)
(-0.105 0.049 0.05)
(-0.11 0.049 0.05)
(-0.115 0.049 0.05)
(-0.12 0.049 0.05)
(-0.125 0.049 0.05)
(-0.13 0.049 0.05)
(-0.135 0.049 0.05)
(-0.14 0.049 0.05)
(-0.145 0.049 0.05)
(-0.15 0.049 0.05)
(-0.155 0.049 0.05)
(-0.16 0.049 0.05)
(-0.165 0.049 0.05)
(-0.17 0.049 0.05)
(-0.175 0.049 0.05)
(-0.18 0.049 0.05)
(-0.185 0.049 0.05)
(-0.19 0.049 0.05)
(-0.195 0.049 0.05)
(-0.2 0.049 0.05)
(-0.205 0.049 0.05)
(-0.21 0.049 0.05)
(-0.215 0.049 0.05)
(-0.22 0.049 0.05)
(-0.225 0.049 0.05)
(-0.23 0.049 0.05)
(-0.235 0.049 0.05)
(-0.24 0.049 0.05)
(-0.245 0.049 0.05)
(0 0.0488 0.05)
(-0.005 0.0488 0.05)
(-0.01 0.0488 0.05)
(-0.015 0.0488 0.05)
(-0.02 0.0488 0.05)
(-0.025 0.0488 0.05)
(-0.03 0.0488 0.05)
(-0.035 0.0488 0.05)
(-0.04 0.0488 0.05)
(-0.045 0.0488 0.05)
(-0.05 0.0488 0.05)
(-0.055 0.0488 0.05)
(-0.06 0.0488 0.05)
(-0.065 0.0488 0.05)
(-0.07 0.0488 0.05)
(-0.075 0.0488 0.05)
(-0.08 0.0488 0.05)
(-0.085 0.0488 0.05)
(-0.09 0.0488 0.05)
(-0.095 0.0488 0.05)
(-0.1 0.0488 0.05)
(-0.105 0.0488 0.05)
(-0.11 0.0488 0.05)
(-0.115 0.0488 0.05)
(-0.12 0.0488 0.05)
(-0.125 0.0488 0.05)
(-0.13 0.0488 0.05)
(-0.135 0.0488 0.05)
(-0.14 0.0488 0.05)
(-0.145 0.0488 0.05)
(-0.15 0.0488 0.05)
(-0.155 0.0488 0.05)
(-0.16 0.0488 0.05)
(-0.165 0.0488 0.05)
(-0.17 0.0488 0.05)
(-0.175 0.0488 0.05)
(-0.18 0.0488 0.05)
(-0.185 0.0488 0.05)
(-0.19 0.0488 0.05)
(-0.195 0.0488 0.05)
(-0.2 0.0488 0.05)
(-0.205 0.0488 0.05)
(-0.21 0.0488 0.05)
(-0.215 0.0488 0.05)
(-0.22 0.0488 0.05)
(-0.225 0.0488 0.05)
(-0.23 0.0488 0.05)
(-0.235 0.0488 0.05)
(-0.24 0.0488 0.05)
(-0.245 0.0488 0.05)
(0 0.0486 0.05)
(-0.005 0.0486 0.05)
(-0.01 0.0486 0.05)
(-0.015 0.0486 0.05)
(-0.02 0.0486 0.05)
(-0.025 0.0486 0.05)
(-0.03 0.0486 0.05)
(-0.035 0.0486 0.05)
(-0.04 0.0486 0.05)
(-0.045 0.0486 0.05)
(-0.05 0.0486 0.05)
(-0.055 0.0486 0.05)
(-0.06 0.0486 0.05)
(-0.065 0.0486 0.05)
(-0.07 0.0486 0.05)
(-0.075 0.0486 0.05)
(-0.08 0.0486 0.05)
(-0.085 0.0486 0.05)
(-0.09 0.0486 0.05)
(-0.095 0.0486 0.05)
(-0.1 0.0486 0.05)
(-0.105 0.0486 0.05)
(-0.11 0.0486 0.05)
(-0.115 0.0486 0.05)
(-0.12 0.0486 0.05)
(-0.125 0.0486 0.05)
(-0.13 0.0486 0.05)
(-0.135 0.0486 0.05)
(-0.14 0.0486 0.05)
(-0.145 0.0486 0.05)
(-0.15 0.0486 0.05)
(-0.155 0.0486 0.05)
(-0.16 0.0486 0.05)
(-0.165 0.0486 0.05)
(-0.17 0.0486 0.05)
(-0.175 0.0486 0.05)
(-0.18 0.0486 0.05)
(-0.185 0.0486 0.05)
(-0.19 0.0486 0.05)
(-0.195 0.0486 0.05)
(-0.2 0.0486 0.05)
(-0.205 0.0486 0.05)
(-0.21 0.0486 0.05)
(-0.215 0.0486 0.05)
(-0.22 0.0486 0.05)
(-0.225 0.0486 0.05)
(-0.23 0.0486 0.05)
(-0.235 0.0486 0.05)
(-0.24 0.0486 0.05)
(-0.245 0.0486 0.05)
(0 0.0484 0.05)
(-0.005 0.0484 0.05)
(-0.01 0.0484 0.05)
(-0.015 0.0484 0.05)
(-0.02 0.0484 0.05)
(-0.025 0.0484 0.05)
(-0.03 0.0484 0.05)
(-0.035 0.0484 0.05)
(-0.04 0.0484 0.05)
(-0.045 0.0484 0.05)
(-0.05 0.0484 0.05)
(-0.055 0.0484 0.05)
(-0.06 0.0484 0.05)
(-0.065 0.0484 0.05)
(-0.07 0.0484 0.05)
(-0.075 0.0484 0.05)
(-0.08 0.0484 0.05)
(-0.085 0.0484 0.05)
(-0.09 0.0484 0.05)
(-0.095 0.0484 0.05)
(-0.1 0.0484 0.05)
(-0.105 0.0484 0.05)
(-0.11 0.0484 0.05)
(-0.115 0.0484 0.05)
(-0.12 0.0484 0.05)
(-0.125 0.0484 0.05)
(-0.13 0.0484 0.05)
(-0.135 0.0484 0.05)
(-0.14 0.0484 0.05)
(-0.145 0.0484 0.05)
(-0.15 0.0484 0.05)
(-0.155 0.0484 0.05)
(-0.16 0.0484 0.05)
(-0.165 0.0484 0.05)
(-0.17 0.0484 0.05)
(-0.175 0.0484 0.05)
(-0.18 0.0484 0.05)
(-0.185 0.0484 0.05)
(-0.19 0.0484 0.05)
(-0.195 0.0484 0.05)
(-0.2 0.0484 0.05)
(-0.205 0.0484 0.05)
(-0.21 0.0484 0.05)
(-0.215 0.0484 0.05)
(-0.22 0.0484 0.05)
(-0.225 0.0484 0.05)
(-0.23 0.0484 0.05)
(-0.235 0.0484 0.05)
(-0.24 0.0484 0.05)
(-0.245 0.0484 0.05)
(0 0.0482 0.05)
(-0.005 0.0482 0.05)
(-0.01 0.0482 0.05)
(-0.015 0.0482 0.05)
(-0.02 0.0482 0.05)
(-0.025 0.0482 0.05)
(-0.03 0.0482 0.05)
(-0.035 0.0482 0.05)
(-0.04 0.0482 0.05)
(-0.045 0.0482 0.05)
(-0.05 0.0482 0.05)
(-0.055 0.0482 0.05)
(-0.06 0.0482 0.05)
(-0.065 0.0482 0.05)
(-0.07 0.0482 0.05)
(-0.075 0.0482 0.05)
(-0.08 0.0482 0.05)
(-0.085 0.0482 0.05)
(-0.09 0.0482 0.05)
(-0.095 0.0482 0.05)
(-0.1 0.0482 0.05)
(-0.105 0.0482 0.05)
(-0.11 0.0482 0.05)
(-0.115 0.0482 0.05)
(-0.12 0.0482 0.05)
(-0.125 0.0482 0.05)
(-0.13 0.0482 0.05)
(-0.135 0.0482 0.05)
(-0.14 0.0482 0.05)
(-0.145 0.0482 0.05)
(-0.15 0.0482 0.05)
(-0.155 0.0482 0.05)
(-0.16 0.0482 0.05)
(-0.165 0.0482 0.05)
(-0.17 0.0482 0.05)
(-0.175 0.0482 0.05)
(-0.18 0.0482 0.05)
(-0.185 0.0482 0.05)
(-0.19 0.0482 0.05)
(-0.195 0.0482 0.05)
(-0.2 0.0482 0.05)
(-0.205 0.0482 0.05)
(-0.21 0.0482 0.05)
(-0.215 0.0482 0.05)
(-0.22 0.0482 0.05)
(-0.225 0.0482 0.05)
(-0.23 0.0482 0.05)
(-0.235 0.0482 0.05)
(-0.24 0.0482 0.05)
(-0.245 0.0482 0.05)
(0 0.048 0.05)
(-0.005 0.048 0.05)
(-0.01 0.048 0.05)
(-0.015 0.048 0.05)
(-0.02 0.048 0.05)
(-0.025 0.048 0.05)
(-0.03 0.048 0.05)
(-0.035 0.048 0.05)
(-0.04 0.048 0.05)
(-0.045 0.048 0.05)
(-0.05 0.048 0.05)
(-0.055 0.048 0.05)
(-0.06 0.048 0.05)
(-0.065 0.048 0.05)
(-0.07 0.048 0.05)
(-0.075 0.048 0.05)
(-0.08 0.048 0.05)
(-0.085 0.048 0.05)
(-0.09 0.048 0.05)
(-0.095 0.048 0.05)
(-0.1 0.048 0.05)
(-0.105 0.048 0.05)
(-0.11 0.048 0.05)
(-0.115 0.048 0.05)
(-0.12 0.048 0.05)
(-0.125 0.048 0.05)
(-0.13 0.048 0.05)
(-0.135 0.048 0.05)
(-0.14 0.048 0.05)
(-0.145 0.048 0.05)
(-0.15 0.048 0.05)
(-0.155 0.048 0.05)
(-0.16 0.048 0.05)
(-0.165 0.048 0.05)
(-0.17 0.048 0.05)
(-0.175 0.048 0.05)
(-0.18 0.048 0.05)
(-0.185 0.048 0.05)
(-0.19 0.048 0.05)
(-0.195 0.048 0.05)
(-0.2 0.048 0.05)
(-0.205 0.048 0.05)
(-0.21 0.048 0.05)
(-0.215 0.048 0.05)
(-0.22 0.048 0.05)
(-0.225 0.048 0.05)
(-0.23 0.048 0.05)
(-0.235 0.048 0.05)
(-0.24 0.048 0.05)
(-0.245 0.048 0.05)
(-0.245 0.04608 0.05)
(-0.24 0.04608 0.05)
(-0.235 0.04608 0.05)
(-0.23 0.04608 0.05)
(-0.225 0.04608 0.05)
(-0.22 0.04608 0.05)
(-0.215 0.04608 0.05)
(-0.21 0.04608 0.05)
(-0.205 0.04608 0.05)
(-0.2 0.04608 0.05)
(-0.195 0.04608 0.05)
(-0.19 0.04608 0.05)
(-0.185 0.04608 0.05)
(-0.18 0.04608 0.05)
(-0.175 0.04608 0.05)
(-0.17 0.04608 0.05)
(-0.165 0.04608 0.05)
(-0.16 0.04608 0.05)
(-0.155 0.04608 0.05)
(-0.15 0.04608 0.05)
(-0.145 0.04608 0.05)
(-0.14 0.04608 0.05)
(-0.135 0.04608 0.05)
(-0.13 0.04608 0.05)
(-0.125 0.04608 0.05)
(-0.12 0.04608 0.05)
(-0.115 0.04608 0.05)
(-0.11 0.04608 0.05)
(-0.105 0.04608 0.05)
(-0.1 0.04608 0.05)
(-0.095 0.04608 0.05)
(-0.09 0.04608 0.05)
(-0.085 0.04608 0.05)
(-0.08 0.04608 0.05)
(-0.075 0.04608 0.05)
(-0.07 0.04608 0.05)
(-0.065 0.04608 0.05)
(-0.06 0.04608 0.05)
(-0.055 0.04608 0.05)
(-0.05 0.04608 0.05)
(-0.045 0.04608 0.05)
(-0.04 0.04608 0.05)
(-0.035 0.04608 0.05)
(-0.03 0.04608 0.05)
(-0.025 0.04608 0.05)
(-0.02 0.04608 0.05)
(-0.015 0.04608 0.05)
(-0.01 0.04608 0.05)
(-0.005 0.04608 0.05)
(0 0.04608 0.05)
(-0.245 0.04416 0.05)
(-0.24 0.04416 0.05)
(-0.235 0.04416 0.05)
(-0.23 0.04416 0.05)
(-0.225 0.04416 0.05)
(-0.22 0.04416 0.05)
(-0.215 0.04416 0.05)
(-0.21 0.04416 0.05)
(-0.205 0.04416 0.05)
(-0.2 0.04416 0.05)
(-0.195 0.04416 0.05)
(-0.19 0.04416 0.05)
(-0.185 0.04416 0.05)
(-0.18 0.04416 0.05)
(-0.175 0.04416 0.05)
(-0.17 0.04416 0.05)
(-0.165 0.04416 0.05)
(-0.16 0.04416 0.05)
(-0.155 0.04416 0.05)
(-0.15 0.04416 0.05)
(-0.145 0.04416 0.05)
(-0.14 0.04416 0.05)
(-0.135 0.04416 0.05)
(-0.13 0.04416 0.05)
(-0.125 0.04416 0.05)
(-0.12 0.04416 0.05)
(-0.115 0.04416 0.05)
(-0.11 0.04416 0.05)
(-0.105 0.04416 0.05)
(-0.1 0.04416 0.05)
(-0.095 0.04416 0.05)
(-0.09 0.04416 0.05)
(-0.085 0.04416 0.05)
(-0.08 0.04416 0.05)
(-0.075 0.04416 0.05)
(-0.07 0.04416 0.05)
(-0.065 0.04416 0.05)
(-0.06 0.04416 0.05)
(-0.055 0.04416 0.05)
(-0.05 0.04416 0.05)
(-0.045 0.04416 0.05)
(-0.04 0.04416 0.05)
(-0.035 0.04416 0.05)
(-0.03 0.04416 0.05)
(-0.025 0.04416 0.05)
(-0.02 0.04416 0.05)
(-0.015 0.04416 0.05)
(-0.01 0.04416 0.05)
(-0.005 0.04416 0.05)
(0 0.04416 0.05)
(-0.245 0.04224 0.05)
(-0.24 0.04224 0.05)
(-0.235 0.04224 0.05)
(-0.23 0.04224 0.05)
(-0.225 0.04224 0.05)
(-0.22 0.04224 0.05)
(-0.215 0.04224 0.05)
(-0.21 0.04224 0.05)
(-0.205 0.04224 0.05)
(-0.2 0.04224 0.05)
(-0.195 0.04224 0.05)
(-0.19 0.04224 0.05)
(-0.185 0.04224 0.05)
(-0.18 0.04224 0.05)
(-0.175 0.04224 0.05)
(-0.17 0.04224 0.05)
(-0.165 0.04224 0.05)
(-0.16 0.04224 0.05)
(-0.155 0.04224 0.05)
(-0.15 0.04224 0.05)
(-0.145 0.04224 0.05)
(-0.14 0.04224 0.05)
(-0.135 0.04224 0.05)
(-0.13 0.04224 0.05)
(-0.125 0.04224 0.05)
(-0.12 0.04224 0.05)
(-0.115 0.04224 0.05)
(-0.11 0.04224 0.05)
(-0.105 0.04224 0.05)
(-0.1 0.04224 0.05)
(-0.095 0.04224 0.05)
(-0.09 0.04224 0.05)
(-0.085 0.04224 0.05)
(-0.08 0.04224 0.05)
(-0.075 0.04224 0.05)
(-0.07 0.04224 0.05)
(-0.065 0.04224 0.05)
(-0.06 0.04224 0.05)
(-0.055 0.04224 0.05)
(-0.05 0.04224 0.05)
(-0.045 0.04224 0.05)
(-0.04 0.04224 0.05)
(-0.035 0.04224 0.05)
(-0.03 0.04224 0.05)
(-0.025 0.04224 0.05)
(-0.02 0.04224 0.05)
(-0.015 0.04224 0.05)
(-0.01 0.04224 0.05)
(-0.005 0.04224 0.05)
(-1.42109e-17 0.04224 0.05)
(-0.245 0.04032 0.05)
(-0.24 0.04032 0.05)
(-0.235 0.04032 0.05)
(-0.23 0.04032 0.05)
(-0.225 0.04032 0.05)
(-0.22 0.04032 0.05)
(-0.215 0.04032 0.05)
(-0.21 0.04032 0.05)
(-0.205 0.04032 0.05)
(-0.2 0.04032 0.05)
(-0.195 0.04032 0.05)
(-0.19 0.04032 0.05)
(-0.185 0.04032 0.05)
(-0.18 0.04032 0.05)
(-0.175 0.04032 0.05)
(-0.17 0.04032 0.05)
(-0.165 0.04032 0.05)
(-0.16 0.04032 0.05)
(-0.155 0.04032 0.05)
(-0.15 0.04032 0.05)
(-0.145 0.04032 0.05)
(-0.14 0.04032 0.05)
(-0.135 0.04032 0.05)
(-0.13 0.04032 0.05)
(-0.125 0.04032 0.05)
(-0.12 0.04032 0.05)
(-0.115 0.04032 0.05)
(-0.11 0.04032 0.05)
(-0.105 0.04032 0.05)
(-0.1 0.04032 0.05)
(-0.095 0.04032 0.05)
(-0.09 0.04032 0.05)
(-0.085 0.04032 0.05)
(-0.08 0.04032 0.05)
(-0.075 0.04032 0.05)
(-0.07 0.04032 0.05)
(-0.065 0.04032 0.05)
(-0.06 0.04032 0.05)
(-0.055 0.04032 0.05)
(-0.05 0.04032 0.05)
(-0.045 0.04032 0.05)
(-0.04 0.04032 0.05)
(-0.035 0.04032 0.05)
(-0.03 0.04032 0.05)
(-0.025 0.04032 0.05)
(-0.02 0.04032 0.05)
(-0.015 0.04032 0.05)
(-0.01 0.04032 0.05)
(-0.005 0.04032 0.05)
(0 0.04032 0.05)
(-0.245 0.0384 0.05)
(-0.24 0.0384 0.05)
(-0.235 0.0384 0.05)
(-0.23 0.0384 0.05)
(-0.225 0.0384 0.05)
(-0.22 0.0384 0.05)
(-0.215 0.0384 0.05)
(-0.21 0.0384 0.05)
(-0.205 0.0384 0.05)
(-0.2 0.0384 0.05)
(-0.195 0.0384 0.05)
(-0.19 0.0384 0.05)
(-0.185 0.0384 0.05)
(-0.18 0.0384 0.05)
(-0.175 0.0384 0.05)
(-0.17 0.0384 0.05)
(-0.165 0.0384 0.05)
(-0.16 0.0384 0.05)
(-0.155 0.0384 0.05)
(-0.15 0.0384 0.05)
(-0.145 0.0384 0.05)
(-0.14 0.0384 0.05)
(-0.135 0.0384 0.05)
(-0.13 0.0384 0.05)
(-0.125 0.0384 0.05)
(-0.12 0.0384 0.05)
(-0.115 0.0384 0.05)
(-0.11 0.0384 0.05)
(-0.105 0.0384 0.05)
(-0.1 0.0384 0.05)
(-0.095 0.0384 0.05)
(-0.09 0.0384 0.05)
(-0.085 0.0384 0.05)
(-0.08 0.0384 0.05)
(-0.075 0.0384 0.05)
(-0.07 0.0384 0.05)
(-0.065 0.0384 0.05)
(-0.06 0.0384 0.05)
(-0.055 0.0384 0.05)
(-0.05 0.0384 0.05)
(-0.045 0.0384 0.05)
(-0.04 0.0384 0.05)
(-0.035 0.0384 0.05)
(-0.03 0.0384 0.05)
(-0.025 0.0384 0.05)
(-0.02 0.0384 0.05)
(-0.015 0.0384 0.05)
(-0.01 0.0384 0.05)
(-0.005 0.0384 0.05)
(0 0.0384 0.05)
(-0.245 0.03648 0.05)
(-0.24 0.03648 0.05)
(-0.235 0.03648 0.05)
(-0.23 0.03648 0.05)
(-0.225 0.03648 0.05)
(-0.22 0.03648 0.05)
(-0.215 0.03648 0.05)
(-0.21 0.03648 0.05)
(-0.205 0.03648 0.05)
(-0.2 0.03648 0.05)
(-0.195 0.03648 0.05)
(-0.19 0.03648 0.05)
(-0.185 0.03648 0.05)
(-0.18 0.03648 0.05)
(-0.175 0.03648 0.05)
(-0.17 0.03648 0.05)
(-0.165 0.03648 0.05)
(-0.16 0.03648 0.05)
(-0.155 0.03648 0.05)
(-0.15 0.03648 0.05)
(-0.145 0.03648 0.05)
(-0.14 0.03648 0.05)
(-0.135 0.03648 0.05)
(-0.13 0.03648 0.05)
(-0.125 0.03648 0.05)
(-0.12 0.03648 0.05)
(-0.115 0.03648 0.05)
(-0.11 0.03648 0.05)
(-0.105 0.03648 0.05)
(-0.1 0.03648 0.05)
(-0.095 0.03648 0.05)
(-0.09 0.03648 0.05)
(-0.085 0.03648 0.05)
(-0.08 0.03648 0.05)
(-0.075 0.03648 0.05)
(-0.07 0.03648 0.05)
(-0.065 0.03648 0.05)
(-0.06 0.03648 0.05)
(-0.055 0.03648 0.05)
(-0.05 0.03648 0.05)
(-0.045 0.03648 0.05)
(-0.04 0.03648 0.05)
(-0.035 0.03648 0.05)
(-0.03 0.03648 0.05)
(-0.025 0.03648 0.05)
(-0.02 0.03648 0.05)
(-0.015 0.03648 0.05)
(-0.01 0.03648 0.05)
(-0.005 0.03648 0.05)
(0 0.03648 0.05)
(-0.245 0.03456 0.05)
(-0.24 0.03456 0.05)
(-0.235 0.03456 0.05)
(-0.23 0.03456 0.05)
(-0.225 0.03456 0.05)
(-0.22 0.03456 0.05)
(-0.215 0.03456 0.05)
(-0.21 0.03456 0.05)
(-0.205 0.03456 0.05)
(-0.2 0.03456 0.05)
(-0.195 0.03456 0.05)
(-0.19 0.03456 0.05)
(-0.185 0.03456 0.05)
(-0.18 0.03456 0.05)
(-0.175 0.03456 0.05)
(-0.17 0.03456 0.05)
(-0.165 0.03456 0.05)
(-0.16 0.03456 0.05)
(-0.155 0.03456 0.05)
(-0.15 0.03456 0.05)
(-0.145 0.03456 0.05)
(-0.14 0.03456 0.05)
(-0.135 0.03456 0.05)
(-0.13 0.03456 0.05)
(-0.125 0.03456 0.05)
(-0.12 0.03456 0.05)
(-0.115 0.03456 0.05)
(-0.11 0.03456 0.05)
(-0.105 0.03456 0.05)
(-0.1 0.03456 0.05)
(-0.095 0.03456 0.05)
(-0.09 0.03456 0.05)
(-0.085 0.03456 0.05)
(-0.08 0.03456 0.05)
(-0.075 0.03456 0.05)
(-0.07 0.03456 0.05)
(-0.065 0.03456 0.05)
(-0.06 0.03456 0.05)
(-0.055 0.03456 0.05)
(-0.05 0.03456 0.05)
(-0.045 0.03456 0.05)
(-0.04 0.03456 0.05)
(-0.035 0.03456 0.05)
(-0.03 0.03456 0.05)
(-0.025 0.03456 0.05)
(-0.02 0.03456 0.05)
(-0.015 0.03456 0.05)
(-0.01 0.03456 0.05)
(-0.005 0.03456 0.05)
(0 0.03456 0.05)
(-0.245 0.03264 0.05)
(-0.24 0.03264 0.05)
(-0.235 0.03264 0.05)
(-0.23 0.03264 0.05)
(-0.225 0.03264 0.05)
(-0.22 0.03264 0.05)
(-0.215 0.03264 0.05)
(-0.21 0.03264 0.05)
(-0.205 0.03264 0.05)
(-0.2 0.03264 0.05)
(-0.195 0.03264 0.05)
(-0.19 0.03264 0.05)
(-0.185 0.03264 0.05)
(-0.18 0.03264 0.05)
(-0.175 0.03264 0.05)
(-0.17 0.03264 0.05)
(-0.165 0.03264 0.05)
(-0.16 0.03264 0.05)
(-0.155 0.03264 0.05)
(-0.15 0.03264 0.05)
(-0.145 0.03264 0.05)
(-0.14 0.03264 0.05)
(-0.135 0.03264 0.05)
(-0.13 0.03264 0.05)
(-0.125 0.03264 0.05)
(-0.12 0.03264 0.05)
(-0.115 0.03264 0.05)
(-0.11 0.03264 0.05)
(-0.105 0.03264 0.05)
(-0.1 0.03264 0.05)
(-0.095 0.03264 0.05)
(-0.09 0.03264 0.05)
(-0.085 0.03264 0.05)
(-0.08 0.03264 0.05)
(-0.075 0.03264 0.05)
(-0.07 0.03264 0.05)
(-0.065 0.03264 0.05)
(-0.06 0.03264 0.05)
(-0.055 0.03264 0.05)
(-0.05 0.03264 0.05)
(-0.045 0.03264 0.05)
(-0.04 0.03264 0.05)
(-0.035 0.03264 0.05)
(-0.03 0.03264 0.05)
(-0.025 0.03264 0.05)
(-0.02 0.03264 0.05)
(-0.015 0.03264 0.05)
(-0.01 0.03264 0.05)
(-0.005 0.03264 0.05)
(0 0.03264 0.05)
(-0.245 0.03072 0.05)
(-0.24 0.03072 0.05)
(-0.235 0.03072 0.05)
(-0.23 0.03072 0.05)
(-0.225 0.03072 0.05)
(-0.22 0.03072 0.05)
(-0.215 0.03072 0.05)
(-0.21 0.03072 0.05)
(-0.205 0.03072 0.05)
(-0.2 0.03072 0.05)
(-0.195 0.03072 0.05)
(-0.19 0.03072 0.05)
(-0.185 0.03072 0.05)
(-0.18 0.03072 0.05)
(-0.175 0.03072 0.05)
(-0.17 0.03072 0.05)
(-0.165 0.03072 0.05)
(-0.16 0.03072 0.05)
(-0.155 0.03072 0.05)
(-0.15 0.03072 0.05)
(-0.145 0.03072 0.05)
(-0.14 0.03072 0.05)
(-0.135 0.03072 0.05)
(-0.13 0.03072 0.05)
(-0.125 0.03072 0.05)
(-0.12 0.03072 0.05)
(-0.115 0.03072 0.05)
(-0.11 0.03072 0.05)
(-0.105 0.03072 0.05)
(-0.1 0.03072 0.05)
(-0.095 0.03072 0.05)
(-0.09 0.03072 0.05)
(-0.085 0.03072 0.05)
(-0.08 0.03072 0.05)
(-0.075 0.03072 0.05)
(-0.07 0.03072 0.05)
(-0.065 0.03072 0.05)
(-0.06 0.03072 0.05)
(-0.055 0.03072 0.05)
(-0.05 0.03072 0.05)
(-0.045 0.03072 0.05)
(-0.04 0.03072 0.05)
(-0.035 0.03072 0.05)
(-0.03 0.03072 0.05)
(-0.025 0.03072 0.05)
(-0.02 0.03072 0.05)
(-0.015 0.03072 0.05)
(-0.01 0.03072 0.05)
(-0.005 0.03072 0.05)
(0 0.03072 0.05)
(-0.245 0.0288 0.05)
(-0.24 0.0288 0.05)
(-0.235 0.0288 0.05)
(-0.23 0.0288 0.05)
(-0.225 0.0288 0.05)
(-0.22 0.0288 0.05)
(-0.215 0.0288 0.05)
(-0.21 0.0288 0.05)
(-0.205 0.0288 0.05)
(-0.2 0.0288 0.05)
(-0.195 0.0288 0.05)
(-0.19 0.0288 0.05)
(-0.185 0.0288 0.05)
(-0.18 0.0288 0.05)
(-0.175 0.0288 0.05)
(-0.17 0.0288 0.05)
(-0.165 0.0288 0.05)
(-0.16 0.0288 0.05)
(-0.155 0.0288 0.05)
(-0.15 0.0288 0.05)
(-0.145 0.0288 0.05)
(-0.14 0.0288 0.05)
(-0.135 0.0288 0.05)
(-0.13 0.0288 0.05)
(-0.125 0.0288 0.05)
(-0.12 0.0288 0.05)
(-0.115 0.0288 0.05)
(-0.11 0.0288 0.05)
(-0.105 0.0288 0.05)
(-0.1 0.0288 0.05)
(-0.095 0.0288 0.05)
(-0.09 0.0288 0.05)
(-0.085 0.0288 0.05)
(-0.08 0.0288 0.05)
(-0.075 0.0288 0.05)
(-0.07 0.0288 0.05)
(-0.065 0.0288 0.05)
(-0.06 0.0288 0.05)
(-0.055 0.0288 0.05)
(-0.05 0.0288 0.05)
(-0.045 0.0288 0.05)
(-0.04 0.0288 0.05)
(-0.035 0.0288 0.05)
(-0.03 0.0288 0.05)
(-0.025 0.0288 0.05)
(-0.02 0.0288 0.05)
(-0.015 0.0288 0.05)
(-0.01 0.0288 0.05)
(-0.005 0.0288 0.05)
(0 0.0288 0.05)
(-0.245 0.02688 0.05)
(-0.24 0.02688 0.05)
(-0.235 0.02688 0.05)
(-0.23 0.02688 0.05)
(-0.225 0.02688 0.05)
(-0.22 0.02688 0.05)
(-0.215 0.02688 0.05)
(-0.21 0.02688 0.05)
(-0.205 0.02688 0.05)
(-0.2 0.02688 0.05)
(-0.195 0.02688 0.05)
(-0.19 0.02688 0.05)
(-0.185 0.02688 0.05)
(-0.18 0.02688 0.05)
(-0.175 0.02688 0.05)
(-0.17 0.02688 0.05)
(-0.165 0.02688 0.05)
(-0.16 0.02688 0.05)
(-0.155 0.02688 0.05)
(-0.15 0.02688 0.05)
(-0.145 0.02688 0.05)
(-0.14 0.02688 0.05)
(-0.135 0.02688 0.05)
(-0.13 0.02688 0.05)
(-0.125 0.02688 0.05)
(-0.12 0.02688 0.05)
(-0.115 0.02688 0.05)
(-0.11 0.02688 0.05)
(-0.105 0.02688 0.05)
(-0.1 0.02688 0.05)
(-0.095 0.02688 0.05)
(-0.09 0.02688 0.05)
(-0.085 0.02688 0.05)
(-0.08 0.02688 0.05)
(-0.075 0.02688 0.05)
(-0.07 0.02688 0.05)
(-0.065 0.02688 0.05)
(-0.06 0.02688 0.05)
(-0.055 0.02688 0.05)
(-0.05 0.02688 0.05)
(-0.045 0.02688 0.05)
(-0.04 0.02688 0.05)
(-0.035 0.02688 0.05)
(-0.03 0.02688 0.05)
(-0.025 0.02688 0.05)
(-0.02 0.02688 0.05)
(-0.015 0.02688 0.05)
(-0.01 0.02688 0.05)
(-0.005 0.02688 0.05)
(0 0.02688 0.05)
(-0.245 0.02496 0.05)
(-0.24 0.02496 0.05)
(-0.235 0.02496 0.05)
(-0.23 0.02496 0.05)
(-0.225 0.02496 0.05)
(-0.22 0.02496 0.05)
(-0.215 0.02496 0.05)
(-0.21 0.02496 0.05)
(-0.205 0.02496 0.05)
(-0.2 0.02496 0.05)
(-0.195 0.02496 0.05)
(-0.19 0.02496 0.05)
(-0.185 0.02496 0.05)
(-0.18 0.02496 0.05)
(-0.175 0.02496 0.05)
(-0.17 0.02496 0.05)
(-0.165 0.02496 0.05)
(-0.16 0.02496 0.05)
(-0.155 0.02496 0.05)
(-0.15 0.02496 0.05)
(-0.145 0.02496 0.05)
(-0.14 0.02496 0.05)
(-0.135 0.02496 0.05)
(-0.13 0.02496 0.05)
(-0.125 0.02496 0.05)
(-0.12 0.02496 0.05)
(-0.115 0.02496 0.05)
(-0.11 0.02496 0.05)
(-0.105 0.02496 0.05)
(-0.1 0.02496 0.05)
(-0.095 0.02496 0.05)
(-0.09 0.02496 0.05)
(-0.085 0.02496 0.05)
(-0.08 0.02496 0.05)
(-0.075 0.02496 0.05)
(-0.07 0.02496 0.05)
(-0.065 0.02496 0.05)
(-0.06 0.02496 0.05)
(-0.055 0.02496 0.05)
(-0.05 0.02496 0.05)
(-0.045 0.02496 0.05)
(-0.04 0.02496 0.05)
(-0.035 0.02496 0.05)
(-0.03 0.02496 0.05)
(-0.025 0.02496 0.05)
(-0.02 0.02496 0.05)
(-0.015 0.02496 0.05)
(-0.01 0.02496 0.05)
(-0.005 0.02496 0.05)
(0 0.02496 0.05)
(-0.245 0.02304 0.05)
(-0.24 0.02304 0.05)
(-0.235 0.02304 0.05)
(-0.23 0.02304 0.05)
(-0.225 0.02304 0.05)
(-0.22 0.02304 0.05)
(-0.215 0.02304 0.05)
(-0.21 0.02304 0.05)
(-0.205 0.02304 0.05)
(-0.2 0.02304 0.05)
(-0.195 0.02304 0.05)
(-0.19 0.02304 0.05)
(-0.185 0.02304 0.05)
(-0.18 0.02304 0.05)
(-0.175 0.02304 0.05)
(-0.17 0.02304 0.05)
(-0.165 0.02304 0.05)
(-0.16 0.02304 0.05)
(-0.155 0.02304 0.05)
(-0.15 0.02304 0.05)
(-0.145 0.02304 0.05)
(-0.14 0.02304 0.05)
(-0.135 0.02304 0.05)
(-0.13 0.02304 0.05)
(-0.125 0.02304 0.05)
(-0.12 0.02304 0.05)
(-0.115 0.02304 0.05)
(-0.11 0.02304 0.05)
(-0.105 0.02304 0.05)
(-0.1 0.02304 0.05)
(-0.095 0.02304 0.05)
(-0.09 0.02304 0.05)
(-0.085 0.02304 0.05)
(-0.08 0.02304 0.05)
(-0.075 0.02304 0.05)
(-0.07 0.02304 0.05)
(-0.065 0.02304 0.05)
(-0.06 0.02304 0.05)
(-0.055 0.02304 0.05)
(-0.05 0.02304 0.05)
(-0.045 0.02304 0.05)
(-0.04 0.02304 0.05)
(-0.035 0.02304 0.05)
(-0.03 0.02304 0.05)
(-0.025 0.02304 0.05)
(-0.02 0.02304 0.05)
(-0.015 0.02304 0.05)
(-0.01 0.02304 0.05)
(-0.005 0.02304 0.05)
(0 0.02304 0.05)
(-0.245 0.02112 0.05)
(-0.24 0.02112 0.05)
(-0.235 0.02112 0.05)
(-0.23 0.02112 0.05)
(-0.225 0.02112 0.05)
(-0.22 0.02112 0.05)
(-0.215 0.02112 0.05)
(-0.21 0.02112 0.05)
(-0.205 0.02112 0.05)
(-0.2 0.02112 0.05)
(-0.195 0.02112 0.05)
(-0.19 0.02112 0.05)
(-0.185 0.02112 0.05)
(-0.18 0.02112 0.05)
(-0.175 0.02112 0.05)
(-0.17 0.02112 0.05)
(-0.165 0.02112 0.05)
(-0.16 0.02112 0.05)
(-0.155 0.02112 0.05)
(-0.15 0.02112 0.05)
(-0.145 0.02112 0.05)
(-0.14 0.02112 0.05)
(-0.135 0.02112 0.05)
(-0.13 0.02112 0.05)
(-0.125 0.02112 0.05)
(-0.12 0.02112 0.05)
(-0.115 0.02112 0.05)
(-0.11 0.02112 0.05)
(-0.105 0.02112 0.05)
(-0.1 0.02112 0.05)
(-0.095 0.02112 0.05)
(-0.09 0.02112 0.05)
(-0.085 0.02112 0.05)
(-0.08 0.02112 0.05)
(-0.075 0.02112 0.05)
(-0.07 0.02112 0.05)
(-0.065 0.02112 0.05)
(-0.06 0.02112 0.05)
(-0.055 0.02112 0.05)
(-0.05 0.02112 0.05)
(-0.045 0.02112 0.05)
(-0.04 0.02112 0.05)
(-0.035 0.02112 0.05)
(-0.03 0.02112 0.05)
(-0.025 0.02112 0.05)
(-0.02 0.02112 0.05)
(-0.015 0.02112 0.05)
(-0.01 0.02112 0.05)
(-0.005 0.02112 0.05)
(0 0.02112 0.05)
(-0.245 0.0192 0.05)
(-0.24 0.0192 0.05)
(-0.235 0.0192 0.05)
(-0.23 0.0192 0.05)
(-0.225 0.0192 0.05)
(-0.22 0.0192 0.05)
(-0.215 0.0192 0.05)
(-0.21 0.0192 0.05)
(-0.205 0.0192 0.05)
(-0.2 0.0192 0.05)
(-0.195 0.0192 0.05)
(-0.19 0.0192 0.05)
(-0.185 0.0192 0.05)
(-0.18 0.0192 0.05)
(-0.175 0.0192 0.05)
(-0.17 0.0192 0.05)
(-0.165 0.0192 0.05)
(-0.16 0.0192 0.05)
(-0.155 0.0192 0.05)
(-0.15 0.0192 0.05)
(-0.145 0.0192 0.05)
(-0.14 0.0192 0.05)
(-0.135 0.0192 0.05)
(-0.13 0.0192 0.05)
(-0.125 0.0192 0.05)
(-0.12 0.0192 0.05)
(-0.115 0.0192 0.05)
(-0.11 0.0192 0.05)
(-0.105 0.0192 0.05)
(-0.1 0.0192 0.05)
(-0.095 0.0192 0.05)
(-0.09 0.0192 0.05)
(-0.085 0.0192 0.05)
(-0.08 0.0192 0.05)
(-0.075 0.0192 0.05)
(-0.07 0.0192 0.05)
(-0.065 0.0192 0.05)
(-0.06 0.0192 0.05)
(-0.055 0.0192 0.05)
(-0.05 0.0192 0.05)
(-0.045 0.0192 0.05)
(-0.04 0.0192 0.05)
(-0.035 0.0192 0.05)
(-0.03 0.0192 0.05)
(-0.025 0.0192 0.05)
(-0.02 0.0192 0.05)
(-0.015 0.0192 0.05)
(-0.01 0.0192 0.05)
(-0.005 0.0192 0.05)
(0 0.0192 0.05)
(-0.245 0.01728 0.05)
(-0.24 0.01728 0.05)
(-0.235 0.01728 0.05)
(-0.23 0.01728 0.05)
(-0.225 0.01728 0.05)
(-0.22 0.01728 0.05)
(-0.215 0.01728 0.05)
(-0.21 0.01728 0.05)
(-0.205 0.01728 0.05)
(-0.2 0.01728 0.05)
(-0.195 0.01728 0.05)
(-0.19 0.01728 0.05)
(-0.185 0.01728 0.05)
(-0.18 0.01728 0.05)
(-0.175 0.01728 0.05)
(-0.17 0.01728 0.05)
(-0.165 0.01728 0.05)
(-0.16 0.01728 0.05)
(-0.155 0.01728 0.05)
(-0.15 0.01728 0.05)
(-0.145 0.01728 0.05)
(-0.14 0.01728 0.05)
(-0.135 0.01728 0.05)
(-0.13 0.01728 0.05)
(-0.125 0.01728 0.05)
(-0.12 0.01728 0.05)
(-0.115 0.01728 0.05)
(-0.11 0.01728 0.05)
(-0.105 0.01728 0.05)
(-0.1 0.01728 0.05)
(-0.095 0.01728 0.05)
(-0.09 0.01728 0.05)
(-0.085 0.01728 0.05)
(-0.08 0.01728 0.05)
(-0.075 0.01728 0.05)
(-0.07 0.01728 0.05)
(-0.065 0.01728 0.05)
(-0.06 0.01728 0.05)
(-0.055 0.01728 0.05)
(-0.05 0.01728 0.05)
(-0.045 0.01728 0.05)
(-0.04 0.01728 0.05)
(-0.035 0.01728 0.05)
(-0.03 0.01728 0.05)
(-0.025 0.01728 0.05)
(-0.02 0.01728 0.05)
(-0.015 0.01728 0.05)
(-0.01 0.01728 0.05)
(-0.005 0.01728 0.05)
(1.42109e-17 0.01728 0.05)
(-0.245 0.01536 0.05)
(-0.24 0.01536 0.05)
(-0.235 0.01536 0.05)
(-0.23 0.01536 0.05)
(-0.225 0.01536 0.05)
(-0.22 0.01536 0.05)
(-0.215 0.01536 0.05)
(-0.21 0.01536 0.05)
(-0.205 0.01536 0.05)
(-0.2 0.01536 0.05)
(-0.195 0.01536 0.05)
(-0.19 0.01536 0.05)
(-0.185 0.01536 0.05)
(-0.18 0.01536 0.05)
(-0.175 0.01536 0.05)
(-0.17 0.01536 0.05)
(-0.165 0.01536 0.05)
(-0.16 0.01536 0.05)
(-0.155 0.01536 0.05)
(-0.15 0.01536 0.05)
(-0.145 0.01536 0.05)
(-0.14 0.01536 0.05)
(-0.135 0.01536 0.05)
(-0.13 0.01536 0.05)
(-0.125 0.01536 0.05)
(-0.12 0.01536 0.05)
(-0.115 0.01536 0.05)
(-0.11 0.01536 0.05)
(-0.105 0.01536 0.05)
(-0.1 0.01536 0.05)
(-0.095 0.01536 0.05)
(-0.09 0.01536 0.05)
(-0.085 0.01536 0.05)
(-0.08 0.01536 0.05)
(-0.075 0.01536 0.05)
(-0.07 0.01536 0.05)
(-0.065 0.01536 0.05)
(-0.06 0.01536 0.05)
(-0.055 0.01536 0.05)
(-0.05 0.01536 0.05)
(-0.045 0.01536 0.05)
(-0.04 0.01536 0.05)
(-0.035 0.01536 0.05)
(-0.03 0.01536 0.05)
(-0.025 0.01536 0.05)
(-0.02 0.01536 0.05)
(-0.015 0.01536 0.05)
(-0.01 0.01536 0.05)
(-0.005 0.01536 0.05)
(1.42109e-17 0.01536 0.05)
(-0.245 0.01344 0.05)
(-0.24 0.01344 0.05)
(-0.235 0.01344 0.05)
(-0.23 0.01344 0.05)
(-0.225 0.01344 0.05)
(-0.22 0.01344 0.05)
(-0.215 0.01344 0.05)
(-0.21 0.01344 0.05)
(-0.205 0.01344 0.05)
(-0.2 0.01344 0.05)
(-0.195 0.01344 0.05)
(-0.19 0.01344 0.05)
(-0.185 0.01344 0.05)
(-0.18 0.01344 0.05)
(-0.175 0.01344 0.05)
(-0.17 0.01344 0.05)
(-0.165 0.01344 0.05)
(-0.16 0.01344 0.05)
(-0.155 0.01344 0.05)
(-0.15 0.01344 0.05)
(-0.145 0.01344 0.05)
(-0.14 0.01344 0.05)
(-0.135 0.01344 0.05)
(-0.13 0.01344 0.05)
(-0.125 0.01344 0.05)
(-0.12 0.01344 0.05)
(-0.115 0.01344 0.05)
(-0.11 0.01344 0.05)
(-0.105 0.01344 0.05)
(-0.1 0.01344 0.05)
(-0.095 0.01344 0.05)
(-0.09 0.01344 0.05)
(-0.085 0.01344 0.05)
(-0.08 0.01344 0.05)
(-0.075 0.01344 0.05)
(-0.07 0.01344 0.05)
(-0.065 0.01344 0.05)
(-0.06 0.01344 0.05)
(-0.055 0.01344 0.05)
(-0.05 0.01344 0.05)
(-0.045 0.01344 0.05)
(-0.04 0.01344 0.05)
(-0.035 0.01344 0.05)
(-0.03 0.01344 0.05)
(-0.025 0.01344 0.05)
(-0.02 0.01344 0.05)
(-0.015 0.01344 0.05)
(-0.01 0.01344 0.05)
(-0.005 0.01344 0.05)
(0 0.01344 0.05)
(-0.245 0.01152 0.05)
(-0.24 0.01152 0.05)
(-0.235 0.01152 0.05)
(-0.23 0.01152 0.05)
(-0.225 0.01152 0.05)
(-0.22 0.01152 0.05)
(-0.215 0.01152 0.05)
(-0.21 0.01152 0.05)
(-0.205 0.01152 0.05)
(-0.2 0.01152 0.05)
(-0.195 0.01152 0.05)
(-0.19 0.01152 0.05)
(-0.185 0.01152 0.05)
(-0.18 0.01152 0.05)
(-0.175 0.01152 0.05)
(-0.17 0.01152 0.05)
(-0.165 0.01152 0.05)
(-0.16 0.01152 0.05)
(-0.155 0.01152 0.05)
(-0.15 0.01152 0.05)
(-0.145 0.01152 0.05)
(-0.14 0.01152 0.05)
(-0.135 0.01152 0.05)
(-0.13 0.01152 0.05)
(-0.125 0.01152 0.05)
(-0.12 0.01152 0.05)
(-0.115 0.01152 0.05)
(-0.11 0.01152 0.05)
(-0.105 0.01152 0.05)
(-0.1 0.01152 0.05)
(-0.095 0.01152 0.05)
(-0.09 0.01152 0.05)
(-0.085 0.01152 0.05)
(-0.08 0.01152 0.05)
(-0.075 0.01152 0.05)
(-0.07 0.01152 0.05)
(-0.065 0.01152 0.05)
(-0.06 0.01152 0.05)
(-0.055 0.01152 0.05)
(-0.05 0.01152 0.05)
(-0.045 0.01152 0.05)
(-0.04 0.01152 0.05)
(-0.035 0.01152 0.05)
(-0.03 0.01152 0.05)
(-0.025 0.01152 0.05)
(-0.02 0.01152 0.05)
(-0.015 0.01152 0.05)
(-0.01 0.01152 0.05)
(-0.005 0.01152 0.05)
(0 0.01152 0.05)
(-0.245 0.0096 0.05)
(-0.24 0.0096 0.05)
(-0.235 0.0096 0.05)
(-0.23 0.0096 0.05)
(-0.225 0.0096 0.05)
(-0.22 0.0096 0.05)
(-0.215 0.0096 0.05)
(-0.21 0.0096 0.05)
(-0.205 0.0096 0.05)
(-0.2 0.0096 0.05)
(-0.195 0.0096 0.05)
(-0.19 0.0096 0.05)
(-0.185 0.0096 0.05)
(-0.18 0.0096 0.05)
(-0.175 0.0096 0.05)
(-0.17 0.0096 0.05)
(-0.165 0.0096 0.05)
(-0.16 0.0096 0.05)
(-0.155 0.0096 0.05)
(-0.15 0.0096 0.05)
(-0.145 0.0096 0.05)
(-0.14 0.0096 0.05)
(-0.135 0.0096 0.05)
(-0.13 0.0096 0.05)
(-0.125 0.0096 0.05)
(-0.12 0.0096 0.05)
(-0.115 0.0096 0.05)
(-0.11 0.0096 0.05)
(-0.105 0.0096 0.05)
(-0.1 0.0096 0.05)
(-0.095 0.0096 0.05)
(-0.09 0.0096 0.05)
(-0.085 0.0096 0.05)
(-0.08 0.0096 0.05)
(-0.075 0.0096 0.05)
(-0.07 0.0096 0.05)
(-0.065 0.0096 0.05)
(-0.06 0.0096 0.05)
(-0.055 0.0096 0.05)
(-0.05 0.0096 0.05)
(-0.045 0.0096 0.05)
(-0.04 0.0096 0.05)
(-0.035 0.0096 0.05)
(-0.03 0.0096 0.05)
(-0.025 0.0096 0.05)
(-0.02 0.0096 0.05)
(-0.015 0.0096 0.05)
(-0.01 0.0096 0.05)
(-0.005 0.0096 0.05)
(0 0.0096 0.05)
(-0.245 0.00768 0.05)
(-0.24 0.00768 0.05)
(-0.235 0.00768 0.05)
(-0.23 0.00768 0.05)
(-0.225 0.00768 0.05)
(-0.22 0.00768 0.05)
(-0.215 0.00768 0.05)
(-0.21 0.00768 0.05)
(-0.205 0.00768 0.05)
(-0.2 0.00768 0.05)
(-0.195 0.00768 0.05)
(-0.19 0.00768 0.05)
(-0.185 0.00768 0.05)
(-0.18 0.00768 0.05)
(-0.175 0.00768 0.05)
(-0.17 0.00768 0.05)
(-0.165 0.00768 0.05)
(-0.16 0.00768 0.05)
(-0.155 0.00768 0.05)
(-0.15 0.00768 0.05)
(-0.145 0.00768 0.05)
(-0.14 0.00768 0.05)
(-0.135 0.00768 0.05)
(-0.13 0.00768 0.05)
(-0.125 0.00768 0.05)
(-0.12 0.00768 0.05)
(-0.115 0.00768 0.05)
(-0.11 0.00768 0.05)
(-0.105 0.00768 0.05)
(-0.1 0.00768 0.05)
(-0.095 0.00768 0.05)
(-0.09 0.00768 0.05)
(-0.085 0.00768 0.05)
(-0.08 0.00768 0.05)
(-0.075 0.00768 0.05)
(-0.07 0.00768 0.05)
(-0.065 0.00768 0.05)
(-0.06 0.00768 0.05)
(-0.055 0.00768 0.05)
(-0.05 0.00768 0.05)
(-0.045 0.00768 0.05)
(-0.04 0.00768 0.05)
(-0.035 0.00768 0.05)
(-0.03 0.00768 0.05)
(-0.025 0.00768 0.05)
(-0.02 0.00768 0.05)
(-0.015 0.00768 0.05)
(-0.01 0.00768 0.05)
(-0.005 0.00768 0.05)
(0 0.00768 0.05)
(-0.245 0.00576 0.05)
(-0.24 0.00576 0.05)
(-0.235 0.00576 0.05)
(-0.23 0.00576 0.05)
(-0.225 0.00576 0.05)
(-0.22 0.00576 0.05)
(-0.215 0.00576 0.05)
(-0.21 0.00576 0.05)
(-0.205 0.00576 0.05)
(-0.2 0.00576 0.05)
(-0.195 0.00576 0.05)
(-0.19 0.00576 0.05)
(-0.185 0.00576 0.05)
(-0.18 0.00576 0.05)
(-0.175 0.00576 0.05)
(-0.17 0.00576 0.05)
(-0.165 0.00576 0.05)
(-0.16 0.00576 0.05)
(-0.155 0.00576 0.05)
(-0.15 0.00576 0.05)
(-0.145 0.00576 0.05)
(-0.14 0.00576 0.05)
(-0.135 0.00576 0.05)
(-0.13 0.00576 0.05)
(-0.125 0.00576 0.05)
(-0.12 0.00576 0.05)
(-0.115 0.00576 0.05)
(-0.11 0.00576 0.05)
(-0.105 0.00576 0.05)
(-0.1 0.00576 0.05)
(-0.095 0.00576 0.05)
(-0.09 0.00576 0.05)
(-0.085 0.00576 0.05)
(-0.08 0.00576 0.05)
(-0.075 0.00576 0.05)
(-0.07 0.00576 0.05)
(-0.065 0.00576 0.05)
(-0.06 0.00576 0.05)
(-0.055 0.00576 0.05)
(-0.05 0.00576 0.05)
(-0.045 0.00576 0.05)
(-0.04 0.00576 0.05)
(-0.035 0.00576 0.05)
(-0.03 0.00576 0.05)
(-0.025 0.00576 0.05)
(-0.02 0.00576 0.05)
(-0.015 0.00576 0.05)
(-0.01 0.00576 0.05)
(-0.005 0.00576 0.05)
(0 0.00576 0.05)
(-0.245 0.00384 0.05)
(-0.24 0.00384 0.05)
(-0.235 0.00384 0.05)
(-0.23 0.00384 0.05)
(-0.225 0.00384 0.05)
(-0.22 0.00384 0.05)
(-0.215 0.00384 0.05)
(-0.21 0.00384 0.05)
(-0.205 0.00384 0.05)
(-0.2 0.00384 0.05)
(-0.195 0.00384 0.05)
(-0.19 0.00384 0.05)
(-0.185 0.00384 0.05)
(-0.18 0.00384 0.05)
(-0.175 0.00384 0.05)
(-0.17 0.00384 0.05)
(-0.165 0.00384 0.05)
(-0.16 0.00384 0.05)
(-0.155 0.00384 0.05)
(-0.15 0.00384 0.05)
(-0.145 0.00384 0.05)
(-0.14 0.00384 0.05)
(-0.135 0.00384 0.05)
(-0.13 0.00384 0.05)
(-0.125 0.00384 0.05)
(-0.12 0.00384 0.05)
(-0.115 0.00384 0.05)
(-0.11 0.00384 0.05)
(-0.105 0.00384 0.05)
(-0.1 0.00384 0.05)
(-0.095 0.00384 0.05)
(-0.09 0.00384 0.05)
(-0.085 0.00384 0.05)
(-0.08 0.00384 0.05)
(-0.075 0.00384 0.05)
(-0.07 0.00384 0.05)
(-0.065 0.00384 0.05)
(-0.06 0.00384 0.05)
(-0.055 0.00384 0.05)
(-0.05 0.00384 0.05)
(-0.045 0.00384 0.05)
(-0.04 0.00384 0.05)
(-0.035 0.00384 0.05)
(-0.03 0.00384 0.05)
(-0.025 0.00384 0.05)
(-0.02 0.00384 0.05)
(-0.015 0.00384 0.05)
(-0.01 0.00384 0.05)
(-0.005 0.00384 0.05)
(0 0.00384 0.05)
(-0.245 0.00192 0.05)
(-0.24 0.00192 0.05)
(-0.235 0.00192 0.05)
(-0.23 0.00192 0.05)
(-0.225 0.00192 0.05)
(-0.22 0.00192 0.05)
(-0.215 0.00192 0.05)
(-0.21 0.00192 0.05)
(-0.205 0.00192 0.05)
(-0.2 0.00192 0.05)
(-0.195 0.00192 0.05)
(-0.19 0.00192 0.05)
(-0.185 0.00192 0.05)
(-0.18 0.00192 0.05)
(-0.175 0.00192 0.05)
(-0.17 0.00192 0.05)
(-0.165 0.00192 0.05)
(-0.16 0.00192 0.05)
(-0.155 0.00192 0.05)
(-0.15 0.00192 0.05)
(-0.145 0.00192 0.05)
(-0.14 0.00192 0.05)
(-0.135 0.00192 0.05)
(-0.13 0.00192 0.05)
(-0.125 0.00192 0.05)
(-0.12 0.00192 0.05)
(-0.115 0.00192 0.05)
(-0.11 0.00192 0.05)
(-0.105 0.00192 0.05)
(-0.1 0.00192 0.05)
(-0.095 0.00192 0.05)
(-0.09 0.00192 0.05)
(-0.085 0.00192 0.05)
(-0.08 0.00192 0.05)
(-0.075 0.00192 0.05)
(-0.07 0.00192 0.05)
(-0.065 0.00192 0.05)
(-0.06 0.00192 0.05)
(-0.055 0.00192 0.05)
(-0.05 0.00192 0.05)
(-0.045 0.00192 0.05)
(-0.04 0.00192 0.05)
(-0.035 0.00192 0.05)
(-0.03 0.00192 0.05)
(-0.025 0.00192 0.05)
(-0.02 0.00192 0.05)
(-0.015 0.00192 0.05)
(-0.01 0.00192 0.05)
(-0.005 0.00192 0.05)
(0 0.00192 0.05)
(-0.245 0 0.05)
(-0.24 0 0.05)
(-0.235 0 0.05)
(-0.23 0 0.05)
(-0.225 0 0.05)
(-0.22 0 0.05)
(-0.215 0 0.05)
(-0.21 0 0.05)
(-0.205 0 0.05)
(-0.2 0 0.05)
(-0.195 0 0.05)
(-0.19 0 0.05)
(-0.185 0 0.05)
(-0.18 0 0.05)
(-0.175 0 0.05)
(-0.17 0 0.05)
(-0.165 0 0.05)
(-0.16 0 0.05)
(-0.155 0 0.05)
(-0.15 0 0.05)
(-0.145 0 0.05)
(-0.14 0 0.05)
(-0.135 0 0.05)
(-0.13 0 0.05)
(-0.125 0 0.05)
(-0.12 0 0.05)
(-0.115 0 0.05)
(-0.11 0 0.05)
(-0.105 0 0.05)
(-0.1 0 0.05)
(-0.095 0 0.05)
(-0.09 0 0.05)
(-0.085 0 0.05)
(-0.08 0 0.05)
(-0.075 0 0.05)
(-0.07 0 0.05)
(-0.065 0 0.05)
(-0.06 0 0.05)
(-0.055 0 0.05)
(-0.05 0 0.05)
(-0.045 0 0.05)
(-0.04 0 0.05)
(-0.035 0 0.05)
(-0.03 0 0.05)
(-0.025 0 0.05)
(-0.02 0 0.05)
(-0.015 0 0.05)
(-0.01 0 0.05)
(-0.005 0 0.05)
(0 0 0.05)
(-0.245 -0.00192 0.05)
(-0.24 -0.00192 0.05)
(-0.235 -0.00192 0.05)
(-0.23 -0.00192 0.05)
(-0.225 -0.00192 0.05)
(-0.22 -0.00192 0.05)
(-0.215 -0.00192 0.05)
(-0.21 -0.00192 0.05)
)


// ************************************************************************* //
