/*--------------------------------------------------------------------*\
|                                                                      |
|    File exported from Salome Platform using SalomeToFoamExporter     |
|                                                                      |
\*--------------------------------------------------------------------*/
FoamFile
{
	version		2.0;
	format		ascii;
	class		labelList;
	note		"nPoints: 14038 nCells: 6828 nFaces: 27503 nInternalFaces: 13399";
	location	"constant/polyMesh";
	object		neighbour;
}


13399
(
 1
 140
 2
 141
 3
 142
 4
 143
 5
 144
 6
 145
 7
 146
 8
 147
 9
 148
 10
 149
 11
 150
 12
 151
 13
 152
 14
 153
 15
 154
 16
 155
 17
 156
 18
 157
 19
 158
 20
 159
 21
 160
 22
 161
 23
 162
 24
 163
 25
 164
 26
 165
 27
 166
 28
 167
 29
 168
 30
 169
 31
 170
 32
 171
 33
 172
 34
 173
 35
 174
 36
 175
 37
 176
 38
 177
 39
 178
 40
 179
 41
 180
 42
 181
 43
 182
 44
 183
 45
 184
 46
 185
 47
 186
 48
 187
 49
 188
 50
 189
 51
 190
 52
 191
 53
 192
 54
 193
 55
 194
 56
 195
 57
 196
 58
 197
 59
 198
 60
 199
 61
 200
 62
 201
 63
 202
 64
 203
 65
 204
 66
 205
 67
 206
 68
 207
 69
 208
 70
 209
 71
 210
 72
 211
 73
 212
 74
 213
 75
 214
 76
 215
 77
 216
 78
 217
 79
 218
 80
 219
 81
 220
 82
 221
 83
 222
 84
 223
 85
 224
 86
 225
 87
 226
 88
 227
 89
 228
 90
 229
 91
 230
 92
 231
 93
 232
 94
 233
 95
 234
 96
 235
 97
 236
 98
 237
 99
 238
 100
 239
 101
 240
 102
 241
 103
 242
 104
 243
 105
 244
 106
 245
 107
 246
 108
 247
 109
 248
 110
 249
 111
 250
 112
 251
 113
 252
 114
 253
 115
 254
 116
 255
 117
 256
 118
 257
 119
 258
 120
 259
 121
 260
 122
 261
 123
 262
 124
 263
 125
 264
 126
 265
 127
 266
 128
 267
 129
 268
 130
 269
 131
 270
 132
 271
 133
 272
 134
 273
 135
 274
 136
 275
 137
 276
 138
 277
 139
 278
 279
 141
 280
 142
 281
 143
 282
 144
 283
 145
 284
 146
 285
 147
 286
 148
 287
 149
 288
 150
 289
 151
 290
 152
 291
 153
 292
 154
 293
 155
 294
 156
 295
 157
 296
 158
 297
 159
 298
 160
 299
 161
 300
 162
 301
 163
 302
 164
 303
 165
 304
 166
 305
 167
 306
 168
 307
 169
 308
 170
 309
 171
 310
 172
 311
 173
 312
 174
 313
 175
 314
 176
 315
 177
 316
 178
 317
 179
 318
 180
 319
 181
 320
 182
 321
 183
 322
 184
 323
 185
 324
 186
 325
 187
 326
 188
 327
 189
 328
 190
 329
 191
 330
 192
 331
 193
 332
 194
 333
 195
 334
 196
 335
 197
 336
 198
 337
 199
 338
 200
 339
 201
 340
 202
 341
 203
 342
 204
 343
 205
 344
 206
 345
 207
 346
 208
 347
 209
 348
 210
 349
 211
 350
 212
 351
 213
 352
 214
 353
 215
 354
 216
 355
 217
 356
 218
 357
 219
 358
 220
 359
 221
 360
 222
 361
 223
 362
 224
 363
 225
 364
 226
 365
 227
 366
 228
 367
 229
 368
 230
 369
 231
 370
 232
 371
 233
 372
 234
 373
 235
 374
 236
 375
 237
 376
 238
 377
 239
 378
 240
 379
 241
 380
 242
 381
 243
 382
 244
 383
 245
 384
 246
 385
 247
 386
 248
 387
 249
 388
 250
 389
 251
 390
 252
 391
 253
 392
 254
 393
 255
 394
 256
 395
 257
 396
 258
 397
 259
 398
 260
 399
 261
 400
 262
 401
 263
 402
 264
 403
 265
 404
 266
 405
 267
 406
 268
 407
 269
 408
 270
 409
 271
 410
 272
 411
 273
 412
 274
 413
 275
 414
 276
 415
 277
 416
 278
 417
 279
 418
 419
 281
 420
 282
 421
 283
 422
 284
 423
 285
 424
 286
 425
 287
 426
 288
 427
 289
 428
 290
 429
 291
 430
 292
 431
 293
 432
 294
 433
 295
 434
 296
 435
 297
 436
 298
 437
 299
 438
 300
 439
 301
 440
 302
 441
 303
 442
 304
 443
 305
 444
 306
 445
 307
 446
 308
 447
 309
 448
 310
 449
 311
 450
 312
 451
 313
 452
 314
 453
 315
 454
 316
 455
 317
 456
 318
 457
 319
 458
 320
 459
 321
 460
 322
 461
 323
 462
 324
 463
 325
 464
 326
 465
 327
 466
 328
 467
 329
 468
 330
 469
 331
 470
 332
 471
 333
 472
 334
 473
 335
 474
 336
 475
 337
 476
 338
 477
 339
 478
 340
 479
 341
 480
 342
 481
 343
 482
 344
 483
 345
 484
 346
 485
 347
 486
 348
 487
 349
 488
 350
 489
 351
 490
 352
 491
 353
 492
 354
 493
 355
 494
 356
 495
 357
 496
 358
 497
 359
 498
 360
 499
 361
 500
 362
 501
 363
 502
 364
 503
 365
 504
 366
 505
 367
 506
 368
 507
 369
 508
 370
 509
 371
 510
 372
 511
 373
 512
 374
 513
 375
 514
 376
 515
 377
 516
 378
 517
 379
 518
 380
 519
 381
 520
 382
 521
 383
 522
 384
 523
 385
 524
 386
 525
 387
 526
 388
 527
 389
 528
 390
 529
 391
 530
 392
 531
 393
 532
 394
 533
 395
 534
 396
 535
 397
 536
 398
 537
 399
 538
 400
 539
 401
 540
 402
 541
 403
 542
 404
 543
 405
 544
 406
 545
 407
 546
 408
 547
 409
 548
 410
 549
 411
 550
 412
 551
 413
 552
 414
 553
 415
 554
 416
 555
 417
 556
 418
 557
 419
 558
 559
 421
 560
 422
 561
 423
 562
 424
 563
 425
 564
 426
 565
 427
 566
 428
 567
 429
 568
 430
 569
 431
 570
 432
 571
 433
 572
 434
 573
 435
 574
 436
 575
 437
 576
 438
 577
 439
 578
 440
 579
 441
 580
 442
 581
 443
 582
 444
 583
 445
 584
 446
 585
 447
 586
 448
 587
 449
 588
 450
 589
 451
 590
 452
 591
 453
 592
 454
 593
 455
 594
 456
 595
 457
 596
 458
 597
 459
 598
 460
 599
 461
 600
 462
 601
 463
 602
 464
 603
 465
 604
 466
 605
 467
 606
 468
 607
 469
 608
 470
 609
 471
 610
 472
 611
 473
 612
 474
 613
 475
 614
 476
 615
 477
 616
 478
 617
 479
 618
 480
 619
 481
 620
 482
 621
 483
 622
 484
 623
 485
 624
 486
 625
 487
 626
 488
 627
 489
 628
 490
 629
 491
 630
 492
 631
 493
 632
 494
 633
 495
 634
 496
 635
 497
 636
 498
 637
 499
 638
 500
 639
 501
 640
 502
 641
 503
 642
 504
 643
 505
 644
 506
 645
 507
 646
 508
 647
 509
 648
 510
 649
 511
 650
 512
 651
 513
 652
 514
 653
 515
 654
 516
 655
 517
 656
 518
 657
 519
 658
 520
 659
 521
 660
 522
 661
 523
 662
 524
 663
 525
 664
 526
 665
 527
 666
 528
 667
 529
 668
 530
 669
 531
 670
 532
 671
 533
 672
 534
 673
 535
 674
 536
 675
 537
 676
 538
 677
 539
 678
 540
 679
 541
 680
 542
 681
 543
 682
 544
 683
 545
 684
 546
 685
 547
 686
 548
 687
 549
 688
 550
 689
 551
 690
 552
 691
 553
 692
 554
 693
 555
 694
 556
 695
 557
 696
 558
 697
 559
 698
 699
 561
 700
 562
 701
 563
 702
 564
 703
 565
 704
 566
 705
 567
 706
 568
 707
 569
 708
 570
 709
 571
 710
 572
 711
 573
 712
 574
 713
 575
 714
 576
 715
 577
 716
 578
 717
 579
 718
 580
 719
 581
 720
 582
 721
 583
 722
 584
 723
 585
 724
 586
 725
 587
 726
 588
 727
 589
 728
 590
 729
 591
 730
 592
 731
 593
 732
 594
 733
 595
 734
 596
 735
 597
 736
 598
 737
 599
 738
 600
 739
 601
 740
 602
 741
 603
 742
 604
 743
 605
 744
 606
 745
 607
 746
 608
 747
 609
 748
 610
 749
 611
 750
 612
 751
 613
 752
 614
 753
 615
 754
 616
 755
 617
 756
 618
 757
 619
 758
 620
 759
 621
 760
 622
 761
 623
 762
 624
 763
 625
 764
 626
 765
 627
 766
 628
 767
 629
 768
 630
 769
 631
 770
 632
 771
 633
 772
 634
 773
 635
 774
 636
 775
 637
 776
 638
 777
 639
 778
 640
 779
 641
 780
 642
 781
 643
 782
 644
 783
 645
 784
 646
 785
 647
 786
 648
 787
 649
 788
 650
 789
 651
 790
 652
 791
 653
 792
 654
 793
 655
 794
 656
 795
 657
 796
 658
 797
 659
 798
 660
 799
 661
 800
 662
 801
 663
 802
 664
 803
 665
 804
 666
 805
 667
 806
 668
 807
 669
 808
 670
 809
 671
 810
 672
 811
 673
 812
 674
 813
 675
 814
 676
 815
 677
 816
 678
 817
 679
 818
 680
 819
 681
 820
 682
 821
 683
 822
 684
 823
 685
 824
 686
 825
 687
 826
 688
 827
 689
 828
 690
 829
 691
 830
 692
 831
 693
 832
 694
 833
 695
 834
 696
 835
 697
 836
 698
 837
 699
 838
 839
 701
 840
 702
 841
 703
 842
 704
 843
 705
 844
 706
 845
 707
 846
 708
 847
 709
 848
 710
 849
 711
 850
 712
 851
 713
 852
 714
 853
 715
 854
 716
 855
 717
 856
 718
 857
 719
 858
 720
 859
 721
 860
 722
 861
 723
 862
 724
 863
 725
 864
 726
 865
 727
 866
 728
 867
 729
 868
 730
 869
 731
 870
 732
 871
 733
 872
 734
 873
 735
 874
 736
 875
 737
 876
 738
 877
 739
 878
 740
 879
 741
 880
 742
 881
 743
 882
 744
 883
 745
 884
 746
 885
 747
 886
 748
 887
 749
 888
 750
 889
 751
 890
 752
 891
 753
 892
 754
 893
 755
 894
 756
 895
 757
 896
 758
 897
 759
 898
 760
 899
 761
 900
 762
 901
 763
 902
 764
 903
 765
 904
 766
 905
 767
 906
 768
 907
 769
 908
 770
 909
 771
 910
 772
 911
 773
 912
 774
 913
 775
 914
 776
 915
 777
 916
 778
 917
 779
 918
 780
 919
 781
 920
 782
 921
 783
 922
 784
 923
 785
 924
 786
 925
 787
 926
 788
 927
 789
 928
 790
 929
 791
 930
 792
 931
 793
 932
 794
 933
 795
 934
 796
 935
 797
 936
 798
 937
 799
 938
 800
 939
 801
 940
 802
 941
 803
 942
 804
 943
 805
 944
 806
 945
 807
 946
 808
 947
 809
 948
 810
 949
 811
 950
 812
 951
 813
 952
 814
 953
 815
 954
 816
 955
 817
 956
 818
 957
 819
 958
 820
 959
 821
 960
 822
 961
 823
 962
 824
 963
 825
 964
 826
 965
 827
 966
 828
 967
 829
 968
 830
 969
 831
 970
 832
 971
 833
 972
 834
 973
 835
 974
 836
 975
 837
 976
 838
 977
 839
 978
 979
 841
 980
 842
 981
 843
 982
 844
 983
 845
 984
 846
 985
 847
 986
 848
 987
 849
 988
 850
 989
 851
 990
 852
 991
 853
 992
 854
 993
 855
 994
 856
 995
 857
 996
 858
 997
 859
 998
 860
 999
 861
 1000
 862
 1001
 863
 1002
 864
 1003
 865
 1004
 866
 1005
 867
 1006
 868
 1007
 869
 1008
 870
 1009
 871
 1010
 872
 1011
 873
 1012
 874
 1013
 875
 1014
 876
 1015
 877
 1016
 878
 1017
 879
 1018
 880
 1019
 881
 1020
 882
 1021
 883
 1022
 884
 1023
 885
 1024
 886
 1025
 887
 1026
 888
 1027
 889
 1028
 890
 1029
 891
 1030
 892
 1031
 893
 1032
 894
 1033
 895
 1034
 896
 1035
 897
 1036
 898
 1037
 899
 1038
 900
 1039
 901
 1040
 902
 1041
 903
 1042
 904
 1043
 905
 1044
 906
 1045
 907
 1046
 908
 1047
 909
 1048
 910
 1049
 911
 1050
 912
 1051
 913
 1052
 914
 1053
 915
 1054
 916
 1055
 917
 1056
 918
 1057
 919
 1058
 920
 1059
 921
 1060
 922
 1061
 923
 1062
 924
 1063
 925
 1064
 926
 1065
 927
 1066
 928
 1067
 929
 1068
 930
 1069
 931
 1070
 932
 1071
 933
 1072
 934
 1073
 935
 1074
 936
 1075
 937
 1076
 938
 1077
 939
 1078
 940
 1079
 941
 1080
 942
 1081
 943
 1082
 944
 1083
 945
 1084
 946
 1085
 947
 1086
 948
 1087
 949
 1088
 950
 1089
 951
 1090
 952
 1091
 953
 1092
 954
 1093
 955
 1094
 956
 1095
 957
 1096
 958
 1097
 959
 1098
 960
 1099
 961
 1100
 962
 1101
 963
 1102
 964
 1103
 965
 1104
 966
 1105
 967
 1106
 968
 1107
 969
 1108
 970
 1109
 971
 1110
 972
 1111
 973
 1112
 974
 1113
 975
 1114
 976
 1115
 977
 1116
 978
 1117
 979
 1118
 1119
 981
 1120
 982
 1121
 983
 1122
 984
 1123
 985
 1124
 986
 1125
 987
 1126
 988
 1127
 989
 1128
 990
 1129
 991
 1130
 992
 1131
 993
 1132
 994
 1133
 995
 1134
 996
 1135
 997
 1136
 998
 1137
 999
 1138
 1000
 1139
 1001
 1140
 1002
 1141
 1003
 1142
 1004
 1143
 1005
 1144
 1006
 1145
 1007
 1146
 1008
 1147
 1009
 1148
 1010
 1149
 1011
 1150
 1012
 1151
 1013
 1152
 1014
 1153
 1015
 1154
 1016
 1155
 1017
 1156
 1018
 1157
 1019
 1158
 1020
 1159
 1021
 1160
 1022
 1161
 1023
 1162
 1024
 1163
 1025
 1164
 1026
 1165
 1027
 1166
 1028
 1167
 1029
 1168
 1030
 1169
 1031
 1170
 1032
 1171
 1033
 1172
 1034
 1173
 1035
 1174
 1036
 1175
 1037
 1176
 1038
 1177
 1039
 1178
 1040
 1179
 1041
 1180
 1042
 1181
 1043
 1182
 1044
 1183
 1045
 1184
 1046
 1185
 1047
 1186
 1048
 1187
 1049
 1188
 1050
 1189
 1051
 1190
 1052
 1191
 1053
 1192
 1054
 1193
 1055
 1194
 1056
 1195
 1057
 1196
 1058
 1197
 1059
 1198
 1060
 1199
 1061
 1200
 1062
 1201
 1063
 1202
 1064
 1203
 1065
 1204
 1066
 1205
 1067
 1206
 1068
 1207
 1069
 1208
 1070
 1209
 1071
 1210
 1072
 1211
 1073
 1212
 1074
 1213
 1075
 1214
 1076
 1215
 1077
 1216
 1078
 1217
 1079
 1218
 1080
 1219
 1081
 1220
 1082
 1221
 1083
 1222
 1084
 1223
 1085
 1224
 1086
 1225
 1087
 1226
 1088
 1227
 1089
 1228
 1090
 1229
 1091
 1230
 1092
 1231
 1093
 1232
 1094
 1233
 1095
 1234
 1096
 1235
 1097
 1236
 1098
 1237
 1099
 1238
 1100
 1239
 1101
 1240
 1102
 1241
 1103
 1242
 1104
 1243
 1105
 1244
 1106
 1245
 1107
 1246
 1108
 1247
 1109
 1248
 1110
 1249
 1111
 1250
 1112
 1251
 1113
 1252
 1114
 1253
 1115
 1254
 1116
 1255
 1117
 1256
 1118
 1257
 1119
 1258
 1259
 1121
 1260
 1122
 1261
 1123
 1262
 1124
 1263
 1125
 1264
 1126
 1265
 1127
 1266
 1128
 1267
 1129
 1268
 1130
 1269
 1131
 1270
 1132
 1271
 1133
 1272
 1134
 1273
 1135
 1274
 1136
 1275
 1137
 1276
 1138
 1277
 1139
 1278
 1140
 1279
 1141
 1280
 1142
 1281
 1143
 1282
 1144
 1283
 1145
 1284
 1146
 1285
 1147
 1286
 1148
 1287
 1149
 1288
 1150
 1289
 1151
 1290
 1152
 1291
 1153
 1292
 1154
 1293
 1155
 1294
 1156
 1295
 1157
 1296
 1158
 1297
 1159
 1298
 1160
 1299
 1161
 1300
 1162
 1301
 1163
 1302
 1164
 1303
 1165
 1304
 1166
 1305
 1167
 1306
 1168
 1307
 1169
 1308
 1170
 1309
 1171
 1310
 1172
 1311
 1173
 1312
 1174
 1313
 1175
 1314
 1176
 1315
 1177
 1316
 1178
 1317
 1179
 1318
 1180
 1319
 1181
 1320
 1182
 1321
 1183
 1322
 1184
 1323
 1185
 1324
 1186
 1325
 1187
 1326
 1188
 1327
 1189
 1328
 1190
 1329
 1191
 1330
 1192
 1331
 1193
 1332
 1194
 1333
 1195
 1334
 1196
 1335
 1197
 1336
 1198
 1337
 1199
 1338
 1200
 1339
 1201
 1340
 1202
 1341
 1203
 1342
 1204
 1343
 1205
 1344
 1206
 1345
 1207
 1346
 1208
 1347
 1209
 1348
 1210
 1349
 1211
 1350
 1212
 1351
 1213
 1352
 1214
 1353
 1215
 1354
 1216
 1355
 1217
 1356
 1218
 1357
 1219
 1358
 1220
 1359
 1221
 1360
 1222
 1361
 1223
 1362
 1224
 1363
 1225
 1364
 1226
 1365
 1227
 1366
 1228
 1367
 1229
 1368
 1230
 1369
 1231
 1370
 1232
 1371
 1233
 1372
 1234
 1373
 1235
 1374
 1236
 1375
 1237
 1376
 1238
 1377
 1239
 1378
 1240
 1379
 1241
 1380
 1242
 1381
 1243
 1382
 1244
 1383
 1245
 1384
 1246
 1385
 1247
 1386
 1248
 1387
 1249
 1388
 1250
 1389
 1251
 1390
 1252
 1391
 1253
 1392
 1254
 1393
 1255
 1394
 1256
 1395
 1257
 1396
 1258
 1397
 1259
 1398
 1399
 1261
 4800
 1262
 4801
 1263
 4802
 1264
 4803
 1265
 4804
 1266
 4805
 1267
 4806
 1268
 4807
 1269
 4808
 1270
 4809
 1271
 4810
 1272
 4811
 1273
 4812
 1274
 4813
 1275
 4814
 1276
 4815
 1277
 4816
 1278
 4817
 1279
 4818
 1280
 4819
 1281
 4820
 1282
 4821
 1283
 4822
 1284
 4823
 1285
 4824
 1286
 4825
 1287
 4826
 1288
 4827
 1289
 4828
 1290
 4829
 1291
 4830
 1292
 4831
 1293
 4832
 1294
 4833
 1295
 4834
 1296
 6469
 1297
 6825
 1298
 4837
 1299
 6733
 1300
 6812
 1301
 5517
 1302
 6241
 1303
 6808
 1304
 6827
 1305
 4839
 1306
 4840
 1307
 4841
 1308
 4842
 1309
 4843
 1310
 4844
 1311
 4845
 1312
 4846
 1313
 4847
 1314
 4848
 1315
 4849
 1316
 4850
 1317
 4851
 1318
 4852
 1319
 4853
 1320
 4854
 1321
 4855
 1322
 4856
 1323
 4857
 1324
 4858
 1325
 4859
 1326
 4860
 1327
 4861
 1328
 4862
 1329
 4863
 1330
 4864
 1331
 4865
 1332
 4866
 1333
 4867
 1334
 4868
 1335
 4869
 1336
 4870
 1337
 4871
 1338
 4872
 1339
 4873
 1340
 4874
 1341
 4875
 1342
 4876
 1343
 4877
 1344
 4878
 1345
 4879
 1346
 4880
 1347
 4881
 1348
 4882
 1349
 4883
 1350
 4884
 1351
 4885
 1352
 4886
 1353
 4887
 1354
 4888
 1355
 4889
 1356
 4890
 1357
 4891
 1358
 4892
 1359
 4893
 1360
 4894
 1361
 4895
 1362
 4896
 1363
 4897
 1364
 4898
 1365
 4899
 1366
 4900
 1367
 4901
 1368
 4902
 1369
 4903
 1370
 4904
 1371
 4905
 1372
 4906
 1373
 4907
 1374
 4908
 1375
 4909
 1376
 4910
 1377
 4911
 1378
 4912
 1379
 4913
 1380
 4914
 1381
 4915
 1382
 4916
 1383
 4917
 1384
 4918
 1385
 4919
 1386
 4920
 1387
 4921
 1388
 4922
 1389
 4923
 1390
 4924
 1391
 4925
 1392
 4926
 1393
 4927
 1394
 4928
 1395
 4929
 1396
 4930
 1397
 4931
 1398
 4932
 1399
 4933
 4934
 1401
 1540
 1402
 1541
 1403
 1542
 1404
 1543
 1405
 1544
 1406
 1545
 1407
 1546
 1408
 1547
 1409
 1548
 1410
 1549
 1411
 1550
 1412
 1551
 1413
 1552
 1414
 1553
 1415
 1554
 1416
 1555
 1417
 1556
 1418
 1557
 1419
 1558
 1420
 1559
 1421
 1560
 1422
 1561
 1423
 1562
 1424
 1563
 1425
 1564
 1426
 1565
 1427
 1566
 1428
 1567
 1429
 1568
 1430
 1569
 1431
 1570
 1432
 1571
 1433
 1572
 1434
 1573
 1435
 1574
 1436
 1575
 1437
 1576
 1438
 1577
 1439
 1578
 1440
 1579
 1441
 1580
 1442
 1581
 1443
 1582
 1444
 1583
 1445
 1584
 1446
 1585
 1447
 1586
 1448
 1587
 1449
 1588
 1450
 1589
 1451
 1590
 1452
 1591
 1453
 1592
 1454
 1593
 1455
 1594
 1456
 1595
 1457
 1596
 1458
 1597
 1459
 1598
 1460
 1599
 1461
 1600
 1462
 1601
 1463
 1602
 1464
 1603
 1465
 1604
 1466
 1605
 1467
 1606
 1468
 1607
 1469
 1608
 1470
 1609
 1471
 1610
 1472
 1611
 1473
 1612
 1474
 1613
 1475
 1614
 1476
 1615
 1477
 1616
 1478
 1617
 1479
 1618
 1480
 1619
 1481
 1620
 1482
 1621
 1483
 1622
 1484
 1623
 1485
 1624
 1486
 1625
 1487
 1626
 1488
 1627
 1489
 1628
 1490
 1629
 1491
 1630
 1492
 1631
 1493
 1632
 1494
 1633
 1495
 1634
 1496
 1635
 1497
 1636
 1498
 1637
 1499
 1638
 1500
 1639
 1501
 1640
 1502
 1641
 1503
 1642
 1504
 1643
 1505
 1644
 1506
 1645
 1507
 1646
 1508
 1647
 1509
 1648
 1510
 1649
 1511
 1650
 1512
 1651
 1513
 1652
 1514
 1653
 1515
 1654
 1516
 1655
 1517
 1656
 1518
 1657
 1519
 1658
 1520
 1659
 1521
 1660
 1522
 1661
 1523
 1662
 1524
 1663
 1525
 1664
 1526
 1665
 1527
 1666
 1528
 1667
 1529
 1668
 1530
 1669
 1531
 1670
 1532
 1671
 1533
 1672
 1534
 1673
 1535
 1674
 1536
 1675
 1537
 1676
 1538
 1677
 1539
 1678
 1679
 1541
 1680
 1542
 1681
 1543
 1682
 1544
 1683
 1545
 1684
 1546
 1685
 1547
 1686
 1548
 1687
 1549
 1688
 1550
 1689
 1551
 1690
 1552
 1691
 1553
 1692
 1554
 1693
 1555
 1694
 1556
 1695
 1557
 1696
 1558
 1697
 1559
 1698
 1560
 1699
 1561
 1700
 1562
 1701
 1563
 1702
 1564
 1703
 1565
 1704
 1566
 1705
 1567
 1706
 1568
 1707
 1569
 1708
 1570
 1709
 1571
 1710
 1572
 1711
 1573
 1712
 1574
 1713
 1575
 1714
 1576
 1715
 1577
 1716
 1578
 1717
 1579
 1718
 1580
 1719
 1581
 1720
 1582
 1721
 1583
 1722
 1584
 1723
 1585
 1724
 1586
 1725
 1587
 1726
 1588
 1727
 1589
 1728
 1590
 1729
 1591
 1730
 1592
 1731
 1593
 1732
 1594
 1733
 1595
 1734
 1596
 1735
 1597
 1736
 1598
 1737
 1599
 1738
 1600
 1739
 1601
 1740
 1602
 1741
 1603
 1742
 1604
 1743
 1605
 1744
 1606
 1745
 1607
 1746
 1608
 1747
 1609
 1748
 1610
 1749
 1611
 1750
 1612
 1751
 1613
 1752
 1614
 1753
 1615
 1754
 1616
 1755
 1617
 1756
 1618
 1757
 1619
 1758
 1620
 1759
 1621
 1760
 1622
 1761
 1623
 1762
 1624
 1763
 1625
 1764
 1626
 1765
 1627
 1766
 1628
 1767
 1629
 1768
 1630
 1769
 1631
 1770
 1632
 1771
 1633
 1772
 1634
 1773
 1635
 1774
 1636
 1775
 1637
 1776
 1638
 1777
 1639
 1778
 1640
 1779
 1641
 1780
 1642
 1781
 1643
 1782
 1644
 1783
 1645
 1784
 1646
 1785
 1647
 1786
 1648
 1787
 1649
 1788
 1650
 1789
 1651
 1790
 1652
 1791
 1653
 1792
 1654
 1793
 1655
 1794
 1656
 1795
 1657
 1796
 1658
 1797
 1659
 1798
 1660
 1799
 1661
 1800
 1662
 1801
 1663
 1802
 1664
 1803
 1665
 1804
 1666
 1805
 1667
 1806
 1668
 1807
 1669
 1808
 1670
 1809
 1671
 1810
 1672
 1811
 1673
 1812
 1674
 1813
 1675
 1814
 1676
 1815
 1677
 1816
 1678
 1817
 1679
 1818
 1819
 1681
 1820
 1682
 1821
 1683
 1822
 1684
 1823
 1685
 1824
 1686
 1825
 1687
 1826
 1688
 1827
 1689
 1828
 1690
 1829
 1691
 1830
 1692
 1831
 1693
 1832
 1694
 1833
 1695
 1834
 1696
 1835
 1697
 1836
 1698
 1837
 1699
 1838
 1700
 1839
 1701
 1840
 1702
 1841
 1703
 1842
 1704
 1843
 1705
 1844
 1706
 1845
 1707
 1846
 1708
 1847
 1709
 1848
 1710
 1849
 1711
 1850
 1712
 1851
 1713
 1852
 1714
 1853
 1715
 1854
 1716
 1855
 1717
 1856
 1718
 1857
 1719
 1858
 1720
 1859
 1721
 1860
 1722
 1861
 1723
 1862
 1724
 1863
 1725
 1864
 1726
 1865
 1727
 1866
 1728
 1867
 1729
 1868
 1730
 1869
 1731
 1870
 1732
 1871
 1733
 1872
 1734
 1873
 1735
 1874
 1736
 1875
 1737
 1876
 1738
 1877
 1739
 1878
 1740
 1879
 1741
 1880
 1742
 1881
 1743
 1882
 1744
 1883
 1745
 1884
 1746
 1885
 1747
 1886
 1748
 1887
 1749
 1888
 1750
 1889
 1751
 1890
 1752
 1891
 1753
 1892
 1754
 1893
 1755
 1894
 1756
 1895
 1757
 1896
 1758
 1897
 1759
 1898
 1760
 1899
 1761
 1900
 1762
 1901
 1763
 1902
 1764
 1903
 1765
 1904
 1766
 1905
 1767
 1906
 1768
 1907
 1769
 1908
 1770
 1909
 1771
 1910
 1772
 1911
 1773
 1912
 1774
 1913
 1775
 1914
 1776
 1915
 1777
 1916
 1778
 1917
 1779
 1918
 1780
 1919
 1781
 1920
 1782
 1921
 1783
 1922
 1784
 1923
 1785
 1924
 1786
 1925
 1787
 1926
 1788
 1927
 1789
 1928
 1790
 1929
 1791
 1930
 1792
 1931
 1793
 1932
 1794
 1933
 1795
 1934
 1796
 1935
 1797
 1936
 1798
 1937
 1799
 1938
 1800
 1939
 1801
 1940
 1802
 1941
 1803
 1942
 1804
 1943
 1805
 1944
 1806
 1945
 1807
 1946
 1808
 1947
 1809
 1948
 1810
 1949
 1811
 1950
 1812
 1951
 1813
 1952
 1814
 1953
 1815
 1954
 1816
 1955
 1817
 1956
 1818
 1957
 1819
 1958
 1959
 1821
 1960
 1822
 1961
 1823
 1962
 1824
 1963
 1825
 1964
 1826
 1965
 1827
 1966
 1828
 1967
 1829
 1968
 1830
 1969
 1831
 1970
 1832
 1971
 1833
 1972
 1834
 1973
 1835
 1974
 1836
 1975
 1837
 1976
 1838
 1977
 1839
 1978
 1840
 1979
 1841
 1980
 1842
 1981
 1843
 1982
 1844
 1983
 1845
 1984
 1846
 1985
 1847
 1986
 1848
 1987
 1849
 1988
 1850
 1989
 1851
 1990
 1852
 1991
 1853
 1992
 1854
 1993
 1855
 1994
 1856
 1995
 1857
 1996
 1858
 1997
 1859
 1998
 1860
 1999
 1861
 2000
 1862
 2001
 1863
 2002
 1864
 2003
 1865
 2004
 1866
 2005
 1867
 2006
 1868
 2007
 1869
 2008
 1870
 2009
 1871
 2010
 1872
 2011
 1873
 2012
 1874
 2013
 1875
 2014
 1876
 2015
 1877
 2016
 1878
 2017
 1879
 2018
 1880
 2019
 1881
 2020
 1882
 2021
 1883
 2022
 1884
 2023
 1885
 2024
 1886
 2025
 1887
 2026
 1888
 2027
 1889
 2028
 1890
 2029
 1891
 2030
 1892
 2031
 1893
 2032
 1894
 2033
 1895
 2034
 1896
 2035
 1897
 2036
 1898
 2037
 1899
 2038
 1900
 2039
 1901
 2040
 1902
 2041
 1903
 2042
 1904
 2043
 1905
 2044
 1906
 2045
 1907
 2046
 1908
 2047
 1909
 2048
 1910
 2049
 1911
 2050
 1912
 2051
 1913
 2052
 1914
 2053
 1915
 2054
 1916
 2055
 1917
 2056
 1918
 2057
 1919
 2058
 1920
 2059
 1921
 2060
 1922
 2061
 1923
 2062
 1924
 2063
 1925
 2064
 1926
 2065
 1927
 2066
 1928
 2067
 1929
 2068
 1930
 2069
 1931
 2070
 1932
 2071
 1933
 2072
 1934
 2073
 1935
 2074
 1936
 2075
 1937
 2076
 1938
 2077
 1939
 2078
 1940
 2079
 1941
 2080
 1942
 2081
 1943
 2082
 1944
 2083
 1945
 2084
 1946
 2085
 1947
 2086
 1948
 2087
 1949
 2088
 1950
 2089
 1951
 2090
 1952
 2091
 1953
 2092
 1954
 2093
 1955
 2094
 1956
 2095
 1957
 2096
 1958
 2097
 1959
 2098
 2099
 1961
 2100
 1962
 2101
 1963
 2102
 1964
 2103
 1965
 2104
 1966
 2105
 1967
 2106
 1968
 2107
 1969
 2108
 1970
 2109
 1971
 2110
 1972
 2111
 1973
 2112
 1974
 2113
 1975
 2114
 1976
 2115
 1977
 2116
 1978
 2117
 1979
 2118
 1980
 2119
 1981
 2120
 1982
 2121
 1983
 2122
 1984
 2123
 1985
 2124
 1986
 2125
 1987
 2126
 1988
 2127
 1989
 2128
 1990
 2129
 1991
 2130
 1992
 2131
 1993
 2132
 1994
 2133
 1995
 2134
 1996
 2135
 1997
 2136
 1998
 2137
 1999
 2138
 2000
 2139
 2001
 2140
 2002
 2141
 2003
 2142
 2004
 2143
 2005
 2144
 2006
 2145
 2007
 2146
 2008
 2147
 2009
 2148
 2010
 2149
 2011
 2150
 2012
 2151
 2013
 2152
 2014
 2153
 2015
 2154
 2016
 2155
 2017
 2156
 2018
 2157
 2019
 2158
 2020
 2159
 2021
 2160
 2022
 2161
 2023
 2162
 2024
 2163
 2025
 2164
 2026
 2165
 2027
 2166
 2028
 2167
 2029
 2168
 2030
 2169
 2031
 2170
 2032
 2171
 2033
 2172
 2034
 2173
 2035
 2174
 2036
 2175
 2037
 2176
 2038
 2177
 2039
 2178
 2040
 2179
 2041
 2180
 2042
 2181
 2043
 2182
 2044
 2183
 2045
 2184
 2046
 2185
 2047
 2186
 2048
 2187
 2049
 2188
 2050
 2189
 2051
 2190
 2052
 2191
 2053
 2192
 2054
 2193
 2055
 2194
 2056
 2195
 2057
 2196
 2058
 2197
 2059
 2198
 2060
 2199
 2061
 2200
 2062
 2201
 2063
 2202
 2064
 2203
 2065
 2204
 2066
 2205
 2067
 2206
 2068
 2207
 2069
 2208
 2070
 2209
 2071
 2210
 2072
 2211
 2073
 2212
 2074
 2213
 2075
 2214
 2076
 2215
 2077
 2216
 2078
 2217
 2079
 2218
 2080
 2219
 2081
 2220
 2082
 2221
 2083
 2222
 2084
 2223
 2085
 2224
 2086
 2225
 2087
 2226
 2088
 2227
 2089
 2228
 2090
 2229
 2091
 2230
 2092
 2231
 2093
 2232
 2094
 2233
 2095
 2234
 2096
 2235
 2097
 2236
 2098
 2237
 2099
 2238
 2239
 2101
 2240
 2102
 2241
 2103
 2242
 2104
 2243
 2105
 2244
 2106
 2245
 2107
 2246
 2108
 2247
 2109
 2248
 2110
 2249
 2111
 2250
 2112
 2251
 2113
 2252
 2114
 2253
 2115
 2254
 2116
 2255
 2117
 2256
 2118
 2257
 2119
 2258
 2120
 2259
 2121
 2260
 2122
 2261
 2123
 2262
 2124
 2263
 2125
 2264
 2126
 2265
 2127
 2266
 2128
 2267
 2129
 2268
 2130
 2269
 2131
 2270
 2132
 2271
 2133
 2272
 2134
 2273
 2135
 2274
 2136
 2275
 2137
 2276
 2138
 2277
 2139
 2278
 2140
 2279
 2141
 2280
 2142
 2281
 2143
 2282
 2144
 2283
 2145
 2284
 2146
 2285
 2147
 2286
 2148
 2287
 2149
 2288
 2150
 2289
 2151
 2290
 2152
 2291
 2153
 2292
 2154
 2293
 2155
 2294
 2156
 2295
 2157
 2296
 2158
 2297
 2159
 2298
 2160
 2299
 2161
 2300
 2162
 2301
 2163
 2302
 2164
 2303
 2165
 2304
 2166
 2305
 2167
 2306
 2168
 2307
 2169
 2308
 2170
 2309
 2171
 2310
 2172
 2311
 2173
 2312
 2174
 2313
 2175
 2314
 2176
 2315
 2177
 2316
 2178
 2317
 2179
 2318
 2180
 2319
 2181
 2320
 2182
 2321
 2183
 2322
 2184
 2323
 2185
 2324
 2186
 2325
 2187
 2326
 2188
 2327
 2189
 2328
 2190
 2329
 2191
 2330
 2192
 2331
 2193
 2332
 2194
 2333
 2195
 2334
 2196
 2335
 2197
 2336
 2198
 2337
 2199
 2338
 2200
 2339
 2201
 2340
 2202
 2341
 2203
 2342
 2204
 2343
 2205
 2344
 2206
 2345
 2207
 2346
 2208
 2347
 2209
 2348
 2210
 2349
 2211
 2350
 2212
 2351
 2213
 2352
 2214
 2353
 2215
 2354
 2216
 2355
 2217
 2356
 2218
 2357
 2219
 2358
 2220
 2359
 2221
 2360
 2222
 2361
 2223
 2362
 2224
 2363
 2225
 2364
 2226
 2365
 2227
 2366
 2228
 2367
 2229
 2368
 2230
 2369
 2231
 2370
 2232
 2371
 2233
 2372
 2234
 2373
 2235
 2374
 2236
 2375
 2237
 2376
 2238
 2377
 2239
 2378
 2379
 2241
 2380
 2242
 2381
 2243
 2382
 2244
 2383
 2245
 2384
 2246
 2385
 2247
 2386
 2248
 2387
 2249
 2388
 2250
 2389
 2251
 2390
 2252
 2391
 2253
 2392
 2254
 2393
 2255
 2394
 2256
 2395
 2257
 2396
 2258
 2397
 2259
 2398
 2260
 2399
 2261
 2400
 2262
 2401
 2263
 2402
 2264
 2403
 2265
 2404
 2266
 2405
 2267
 2406
 2268
 2407
 2269
 2408
 2270
 2409
 2271
 2410
 2272
 2411
 2273
 2412
 2274
 2413
 2275
 2414
 2276
 2415
 2277
 2416
 2278
 2417
 2279
 2418
 2280
 2419
 2281
 2420
 2282
 2421
 2283
 2422
 2284
 2423
 2285
 2424
 2286
 2425
 2287
 2426
 2288
 2427
 2289
 2428
 2290
 2429
 2291
 2430
 2292
 2431
 2293
 2432
 2294
 2433
 2295
 2434
 2296
 2435
 2297
 2436
 2298
 2437
 2299
 2438
 2300
 2439
 2301
 2440
 2302
 2441
 2303
 2442
 2304
 2443
 2305
 2444
 2306
 2445
 2307
 2446
 2308
 2447
 2309
 2448
 2310
 2449
 2311
 2450
 2312
 2451
 2313
 2452
 2314
 2453
 2315
 2454
 2316
 2455
 2317
 2456
 2318
 2457
 2319
 2458
 2320
 2459
 2321
 2460
 2322
 2461
 2323
 2462
 2324
 2463
 2325
 2464
 2326
 2465
 2327
 2466
 2328
 2467
 2329
 2468
 2330
 2469
 2331
 2470
 2332
 2471
 2333
 2472
 2334
 2473
 2335
 2474
 2336
 2475
 2337
 2476
 2338
 2477
 2339
 2478
 2340
 2479
 2341
 2480
 2342
 2481
 2343
 2482
 2344
 2483
 2345
 2484
 2346
 2485
 2347
 2486
 2348
 2487
 2349
 2488
 2350
 2489
 2351
 2490
 2352
 2491
 2353
 2492
 2354
 2493
 2355
 2494
 2356
 2495
 2357
 2496
 2358
 2497
 2359
 2498
 2360
 2499
 2361
 2500
 2362
 2501
 2363
 2502
 2364
 2503
 2365
 2504
 2366
 2505
 2367
 2506
 2368
 2507
 2369
 2508
 2370
 2509
 2371
 2510
 2372
 2511
 2373
 2512
 2374
 2513
 2375
 2514
 2376
 2515
 2377
 2516
 2378
 2517
 2379
 2518
 2519
 2381
 2520
 2382
 2521
 2383
 2522
 2384
 2523
 2385
 2524
 2386
 2525
 2387
 2526
 2388
 2527
 2389
 2528
 2390
 2529
 2391
 2530
 2392
 2531
 2393
 2532
 2394
 2533
 2395
 2534
 2396
 2535
 2397
 2536
 2398
 2537
 2399
 2538
 2400
 2539
 2401
 2540
 2402
 2541
 2403
 2542
 2404
 2543
 2405
 2544
 2406
 2545
 2407
 2546
 2408
 2547
 2409
 2548
 2410
 2549
 2411
 2550
 2412
 2551
 2413
 2552
 2414
 2553
 2415
 2554
 2416
 2555
 2417
 2556
 2418
 2557
 2419
 2558
 2420
 2559
 2421
 2560
 2422
 2561
 2423
 2562
 2424
 2563
 2425
 2564
 2426
 2565
 2427
 2566
 2428
 2567
 2429
 2568
 2430
 2569
 2431
 2570
 2432
 2571
 2433
 2572
 2434
 2573
 2435
 2574
 2436
 2575
 2437
 2576
 2438
 2577
 2439
 2578
 2440
 2579
 2441
 2580
 2442
 2581
 2443
 2582
 2444
 2583
 2445
 2584
 2446
 2585
 2447
 2586
 2448
 2587
 2449
 2588
 2450
 2589
 2451
 2590
 2452
 2591
 2453
 2592
 2454
 2593
 2455
 2594
 2456
 2595
 2457
 2596
 2458
 2597
 2459
 2598
 2460
 2599
 2461
 2600
 2462
 2601
 2463
 2602
 2464
 2603
 2465
 2604
 2466
 2605
 2467
 2606
 2468
 2607
 2469
 2608
 2470
 2609
 2471
 2610
 2472
 2611
 2473
 2612
 2474
 2613
 2475
 2614
 2476
 2615
 2477
 2616
 2478
 2617
 2479
 2618
 2480
 2619
 2481
 2620
 2482
 2621
 2483
 2622
 2484
 2623
 2485
 2624
 2486
 2625
 2487
 2626
 2488
 2627
 2489
 2628
 2490
 2629
 2491
 2630
 2492
 2631
 2493
 2632
 2494
 2633
 2495
 2634
 2496
 2635
 2497
 2636
 2498
 2637
 2499
 2638
 2500
 2639
 2501
 2640
 2502
 2641
 2503
 2642
 2504
 2643
 2505
 2644
 2506
 2645
 2507
 2646
 2508
 2647
 2509
 2648
 2510
 2649
 2511
 2650
 2512
 2651
 2513
 2652
 2514
 2653
 2515
 2654
 2516
 2655
 2517
 2656
 2518
 2657
 2519
 2658
 2659
 2521
 2660
 2522
 2661
 2523
 2662
 2524
 2663
 2525
 2664
 2526
 2665
 2527
 2666
 2528
 2667
 2529
 2668
 2530
 2669
 2531
 2670
 2532
 2671
 2533
 2672
 2534
 2673
 2535
 2674
 2536
 2675
 2537
 2676
 2538
 2677
 2539
 2678
 2540
 2679
 2541
 2680
 2542
 2681
 2543
 2682
 2544
 2683
 2545
 2684
 2546
 2685
 2547
 2686
 2548
 2687
 2549
 2688
 2550
 2689
 2551
 2690
 2552
 2691
 2553
 2692
 2554
 2693
 2555
 2694
 2556
 2695
 2557
 2696
 2558
 2697
 2559
 2698
 2560
 2699
 2561
 2700
 2562
 2701
 2563
 2702
 2564
 2703
 2565
 2704
 2566
 2705
 2567
 2706
 2568
 2707
 2569
 2708
 2570
 2709
 2571
 2710
 2572
 2711
 2573
 2712
 2574
 2713
 2575
 2714
 2576
 2715
 2577
 2716
 2578
 2717
 2579
 2718
 2580
 2719
 2581
 2720
 2582
 2721
 2583
 2722
 2584
 2723
 2585
 2724
 2586
 2725
 2587
 2726
 2588
 2727
 2589
 2728
 2590
 2729
 2591
 2730
 2592
 2731
 2593
 2732
 2594
 2733
 2595
 2734
 2596
 2735
 2597
 2736
 2598
 2737
 2599
 2738
 2600
 2739
 2601
 2740
 2602
 2741
 2603
 2742
 2604
 2743
 2605
 2744
 2606
 2745
 2607
 2746
 2608
 2747
 2609
 2748
 2610
 2749
 2611
 2750
 2612
 2751
 2613
 2752
 2614
 2753
 2615
 2754
 2616
 2755
 2617
 2756
 2618
 2757
 2619
 2758
 2620
 2759
 2621
 2760
 2622
 2761
 2623
 2762
 2624
 2763
 2625
 2764
 2626
 2765
 2627
 2766
 2628
 2767
 2629
 2768
 2630
 2769
 2631
 2770
 2632
 2771
 2633
 2772
 2634
 2773
 2635
 2774
 2636
 2775
 2637
 2776
 2638
 2777
 2639
 2778
 2640
 2779
 2641
 2780
 2642
 2781
 2643
 2782
 2644
 2783
 2645
 2784
 2646
 2785
 2647
 2786
 2648
 2787
 2649
 2788
 2650
 2789
 2651
 2790
 2652
 2791
 2653
 2792
 2654
 2793
 2655
 2794
 2656
 2795
 2657
 2796
 2658
 2797
 2659
 2798
 2799
 2661
 4947
 2662
 4948
 2663
 4949
 2664
 4950
 2665
 4951
 2666
 4952
 2667
 4953
 2668
 4954
 2669
 4955
 2670
 4956
 2671
 4957
 2672
 4958
 2673
 4959
 2674
 4960
 2675
 4961
 2676
 4962
 2677
 4963
 2678
 4964
 2679
 4965
 2680
 4966
 2681
 4967
 2682
 4968
 2683
 4969
 2684
 4970
 2685
 4971
 2686
 4972
 2687
 4973
 2688
 4974
 2689
 4975
 2690
 4976
 2691
 4977
 2692
 4978
 2693
 4979
 2694
 4980
 2695
 4981
 2696
 4982
 2697
 4983
 2698
 4984
 2699
 4985
 2700
 4986
 2701
 4987
 2702
 4988
 2703
 4989
 2704
 4990
 2705
 4991
 2706
 4992
 2707
 4993
 2708
 4994
 2709
 4995
 2710
 4996
 2711
 4997
 2712
 4998
 2713
 4999
 2714
 5000
 2715
 5001
 2716
 5002
 2717
 5003
 2718
 5004
 2719
 5005
 2720
 5006
 2721
 5007
 2722
 5008
 2723
 5009
 2724
 5010
 2725
 5011
 2726
 5012
 2727
 5013
 2728
 5014
 2729
 5015
 2730
 5016
 2731
 5017
 2732
 5018
 2733
 5019
 2734
 5020
 2735
 5021
 2736
 5022
 2737
 5023
 2738
 5024
 2739
 5025
 2740
 5026
 2741
 5027
 2742
 5028
 2743
 5029
 2744
 5030
 2745
 5031
 2746
 5032
 2747
 5033
 2748
 5034
 2749
 5035
 2750
 5036
 2751
 5037
 2752
 5038
 2753
 5039
 2754
 5040
 2755
 5041
 2756
 6734
 2757
 5043
 2758
 5044
 2759
 5439
 2760
 6804
 2761
 6799
 2762
 6797
 2763
 5916
 2764
 6823
 2765
 5046
 2766
 6512
 2767
 5048
 2768
 5049
 2769
 5050
 2770
 5051
 2771
 5052
 2772
 5053
 2773
 5054
 2774
 5055
 2775
 5056
 2776
 5057
 2777
 5058
 2778
 5059
 2779
 5060
 2780
 5061
 2781
 5062
 2782
 5063
 2783
 5064
 2784
 5065
 2785
 5066
 2786
 5067
 2787
 5068
 2788
 5069
 2789
 5070
 2790
 5071
 2791
 5072
 2792
 5073
 2793
 5074
 2794
 5075
 2795
 5076
 2796
 5077
 2797
 5078
 2798
 5079
 2799
 5080
 5081
 2801
 2899
 2900
 2802
 2901
 2803
 2902
 2804
 2903
 2805
 2904
 2806
 2905
 2807
 2906
 2808
 2907
 2809
 2908
 2810
 2909
 2811
 2910
 2812
 2911
 2813
 2912
 2814
 2913
 2815
 2914
 2816
 2915
 2817
 2916
 2818
 2917
 2819
 2918
 2820
 2919
 2821
 2920
 2822
 2921
 2823
 2922
 2824
 2923
 2825
 2924
 2826
 2925
 2827
 2926
 2828
 2927
 2829
 2928
 2830
 2929
 2831
 2930
 2832
 2931
 2833
 2932
 2834
 2933
 2835
 2934
 2836
 2935
 2837
 2936
 2838
 2937
 2839
 2938
 2840
 2939
 2841
 2940
 2842
 2941
 2843
 2942
 2844
 2943
 2845
 2944
 2846
 2945
 2847
 2946
 2848
 2947
 2849
 2948
 2850
 2949
 2851
 2950
 2852
 2951
 2853
 2952
 2854
 2953
 2855
 2954
 2856
 2955
 2857
 2956
 2858
 2957
 2859
 2958
 2860
 2959
 2861
 2960
 2862
 2961
 2863
 2962
 2864
 2963
 2865
 2964
 2866
 2965
 2867
 2966
 2868
 2967
 2869
 2968
 2870
 2969
 2871
 2970
 2872
 2971
 2873
 2972
 2874
 2973
 2875
 2974
 2876
 2975
 2877
 2976
 2878
 2977
 2879
 2978
 2880
 2979
 2881
 2980
 2882
 2981
 2883
 2982
 2884
 2983
 2885
 2984
 2886
 2985
 2887
 2986
 2888
 2987
 2889
 2988
 2890
 2989
 2891
 2990
 2892
 2991
 2893
 2992
 2894
 2993
 2895
 2994
 2896
 2995
 2897
 2996
 2898
 2997
 2899
 2998
 2999
 2901
 2999
 3000
 2902
 3001
 2903
 3002
 2904
 3003
 2905
 3004
 2906
 3005
 2907
 3006
 2908
 3007
 2909
 3008
 2910
 3009
 2911
 3010
 2912
 3011
 2913
 3012
 2914
 3013
 2915
 3014
 2916
 3015
 2917
 3016
 2918
 3017
 2919
 3018
 2920
 3019
 2921
 3020
 2922
 3021
 2923
 3022
 2924
 3023
 2925
 3024
 2926
 3025
 2927
 3026
 2928
 3027
 2929
 3028
 2930
 3029
 2931
 3030
 2932
 3031
 2933
 3032
 2934
 3033
 2935
 3034
 2936
 3035
 2937
 3036
 2938
 3037
 2939
 3038
 2940
 3039
 2941
 3040
 2942
 3041
 2943
 3042
 2944
 3043
 2945
 3044
 2946
 3045
 2947
 3046
 2948
 3047
 2949
 3048
 2950
 3049
 2951
 3050
 2952
 3051
 2953
 3052
 2954
 3053
 2955
 3054
 2956
 3055
 2957
 3056
 2958
 3057
 2959
 3058
 2960
 3059
 2961
 3060
 2962
 3061
 2963
 3062
 2964
 3063
 2965
 3064
 2966
 3065
 2967
 3066
 2968
 3067
 2969
 3068
 2970
 3069
 2971
 3070
 2972
 3071
 2973
 3072
 2974
 3073
 2975
 3074
 2976
 3075
 2977
 3076
 2978
 3077
 2979
 3078
 2980
 3079
 2981
 3080
 2982
 3081
 2983
 3082
 2984
 3083
 2985
 3084
 2986
 3085
 2987
 3086
 2988
 3087
 2989
 3088
 2990
 3089
 2991
 3090
 2992
 3091
 2993
 3092
 2994
 3093
 2995
 3094
 2996
 3095
 2997
 3096
 2998
 3097
 2999
 3098
 3099
 3001
 3099
 3100
 3002
 3101
 3003
 3102
 3004
 3103
 3005
 3104
 3006
 3105
 3007
 3106
 3008
 3107
 3009
 3108
 3010
 3109
 3011
 3110
 3012
 3111
 3013
 3112
 3014
 3113
 3015
 3114
 3016
 3115
 3017
 3116
 3018
 3117
 3019
 3118
 3020
 3119
 3021
 3120
 3022
 3121
 3023
 3122
 3024
 3123
 3025
 3124
 3026
 3125
 3027
 3126
 3028
 3127
 3029
 3128
 3030
 3129
 3031
 3130
 3032
 3131
 3033
 3132
 3034
 3133
 3035
 3134
 3036
 3135
 3037
 3136
 3038
 3137
 3039
 3138
 3040
 3139
 3041
 3140
 3042
 3141
 3043
 3142
 3044
 3143
 3045
 3144
 3046
 3145
 3047
 3146
 3048
 3147
 3049
 3148
 3050
 3149
 3051
 3150
 3052
 3151
 3053
 3152
 3054
 3153
 3055
 3154
 3056
 3155
 3057
 3156
 3058
 3157
 3059
 3158
 3060
 3159
 3061
 3160
 3062
 3161
 3063
 3162
 3064
 3163
 3065
 3164
 3066
 3165
 3067
 3166
 3068
 3167
 3069
 3168
 3070
 3169
 3071
 3170
 3072
 3171
 3073
 3172
 3074
 3173
 3075
 3174
 3076
 3175
 3077
 3176
 3078
 3177
 3079
 3178
 3080
 3179
 3081
 3180
 3082
 3181
 3083
 3182
 3084
 3183
 3085
 3184
 3086
 3185
 3087
 3186
 3088
 3187
 3089
 3188
 3090
 3189
 3091
 3190
 3092
 3191
 3093
 3192
 3094
 3193
 3095
 3194
 3096
 3195
 3097
 3196
 3098
 3197
 3099
 3198
 3199
 3101
 3199
 3200
 3102
 3201
 3103
 3202
 3104
 3203
 3105
 3204
 3106
 3205
 3107
 3206
 3108
 3207
 3109
 3208
 3110
 3209
 3111
 3210
 3112
 3211
 3113
 3212
 3114
 3213
 3115
 3214
 3116
 3215
 3117
 3216
 3118
 3217
 3119
 3218
 3120
 3219
 3121
 3220
 3122
 3221
 3123
 3222
 3124
 3223
 3125
 3224
 3126
 3225
 3127
 3226
 3128
 3227
 3129
 3228
 3130
 3229
 3131
 3230
 3132
 3231
 3133
 3232
 3134
 3233
 3135
 3234
 3136
 3235
 3137
 3236
 3138
 3237
 3139
 3238
 3140
 3239
 3141
 3240
 3142
 3241
 3143
 3242
 3144
 3243
 3145
 3244
 3146
 3245
 3147
 3246
 3148
 3247
 3149
 3248
 3150
 3249
 3151
 3250
 3152
 3251
 3153
 3252
 3154
 3253
 3155
 3254
 3156
 3255
 3157
 3256
 3158
 3257
 3159
 3258
 3160
 3259
 3161
 3260
 3162
 3261
 3163
 3262
 3164
 3263
 3165
 3264
 3166
 3265
 3167
 3266
 3168
 3267
 3169
 3268
 3170
 3269
 3171
 3270
 3172
 3271
 3173
 3272
 3174
 3273
 3175
 3274
 3176
 3275
 3177
 3276
 3178
 3277
 3179
 3278
 3180
 3279
 3181
 3280
 3182
 3281
 3183
 3282
 3184
 3283
 3185
 3284
 3186
 3285
 3187
 3286
 3188
 3287
 3189
 3288
 3190
 3289
 3191
 3290
 3192
 3291
 3193
 3292
 3194
 3293
 3195
 3294
 3196
 3295
 3197
 3296
 3198
 3297
 3199
 3298
 3299
 3201
 3299
 3300
 3202
 3301
 3203
 3302
 3204
 3303
 3205
 3304
 3206
 3305
 3207
 3306
 3208
 3307
 3209
 3308
 3210
 3309
 3211
 3310
 3212
 3311
 3213
 3312
 3214
 3313
 3215
 3314
 3216
 3315
 3217
 3316
 3218
 3317
 3219
 3318
 3220
 3319
 3221
 3320
 3222
 3321
 3223
 3322
 3224
 3323
 3225
 3324
 3226
 3325
 3227
 3326
 3228
 3327
 3229
 3328
 3230
 3329
 3231
 3330
 3232
 3331
 3233
 3332
 3234
 3333
 3235
 3334
 3236
 3335
 3237
 3336
 3238
 3337
 3239
 3338
 3240
 3339
 3241
 3340
 3242
 3341
 3243
 3342
 3244
 3343
 3245
 3344
 3246
 3345
 3247
 3346
 3248
 3347
 3249
 3348
 3250
 3349
 3251
 3350
 3252
 3351
 3253
 3352
 3254
 3353
 3255
 3354
 3256
 3355
 3257
 3356
 3258
 3357
 3259
 3358
 3260
 3359
 3261
 3360
 3262
 3361
 3263
 3362
 3264
 3363
 3265
 3364
 3266
 3365
 3267
 3366
 3268
 3367
 3269
 3368
 3270
 3369
 3271
 3370
 3272
 3371
 3273
 3372
 3274
 3373
 3275
 3374
 3276
 3375
 3277
 3376
 3278
 3377
 3279
 3378
 3280
 3379
 3281
 3380
 3282
 3381
 3283
 3382
 3284
 3383
 3285
 3384
 3286
 3385
 3287
 3386
 3288
 3387
 3289
 3388
 3290
 3389
 3291
 3390
 3292
 3391
 3293
 3392
 3294
 3393
 3295
 3394
 3296
 3395
 3297
 3396
 3298
 3397
 3299
 3398
 3399
 3301
 3399
 3400
 3302
 3401
 3303
 3402
 3304
 3403
 3305
 3404
 3306
 3405
 3307
 3406
 3308
 3407
 3309
 3408
 3310
 3409
 3311
 3410
 3312
 3411
 3313
 3412
 3314
 3413
 3315
 3414
 3316
 3415
 3317
 3416
 3318
 3417
 3319
 3418
 3320
 3419
 3321
 3420
 3322
 3421
 3323
 3422
 3324
 3423
 3325
 3424
 3326
 3425
 3327
 3426
 3328
 3427
 3329
 3428
 3330
 3429
 3331
 3430
 3332
 3431
 3333
 3432
 3334
 3433
 3335
 3434
 3336
 3435
 3337
 3436
 3338
 3437
 3339
 3438
 3340
 3439
 3341
 3440
 3342
 3441
 3343
 3442
 3344
 3443
 3345
 3444
 3346
 3445
 3347
 3446
 3348
 3447
 3349
 3448
 3350
 3449
 3351
 3450
 3352
 3451
 3353
 3452
 3354
 3453
 3355
 3454
 3356
 3455
 3357
 3456
 3358
 3457
 3359
 3458
 3360
 3459
 3361
 3460
 3362
 3461
 3363
 3462
 3364
 3463
 3365
 3464
 3366
 3465
 3367
 3466
 3368
 3467
 3369
 3468
 3370
 3469
 3371
 3470
 3372
 3471
 3373
 3472
 3374
 3473
 3375
 3474
 3376
 3475
 3377
 3476
 3378
 3477
 3379
 3478
 3380
 3479
 3381
 3480
 3382
 3481
 3383
 3482
 3384
 3483
 3385
 3484
 3386
 3485
 3387
 3486
 3388
 3487
 3389
 3488
 3390
 3489
 3391
 3490
 3392
 3491
 3393
 3492
 3394
 3493
 3395
 3494
 3396
 3495
 3397
 3496
 3398
 3497
 3399
 3498
 3499
 3401
 3499
 3500
 3402
 3501
 3403
 3502
 3404
 3503
 3405
 3504
 3406
 3505
 3407
 3506
 3408
 3507
 3409
 3508
 3410
 3509
 3411
 3510
 3412
 3511
 3413
 3512
 3414
 3513
 3415
 3514
 3416
 3515
 3417
 3516
 3418
 3517
 3419
 3518
 3420
 3519
 3421
 3520
 3422
 3521
 3423
 3522
 3424
 3523
 3425
 3524
 3426
 3525
 3427
 3526
 3428
 3527
 3429
 3528
 3430
 3529
 3431
 3530
 3432
 3531
 3433
 3532
 3434
 3533
 3435
 3534
 3436
 3535
 3437
 3536
 3438
 3537
 3439
 3538
 3440
 3539
 3441
 3540
 3442
 3541
 3443
 3542
 3444
 3543
 3445
 3544
 3446
 3545
 3447
 3546
 3448
 3547
 3449
 3548
 3450
 3549
 3451
 3550
 3452
 3551
 3453
 3552
 3454
 3553
 3455
 3554
 3456
 3555
 3457
 3556
 3458
 3557
 3459
 3558
 3460
 3559
 3461
 3560
 3462
 3561
 3463
 3562
 3464
 3563
 3465
 3564
 3466
 3565
 3467
 3566
 3468
 3567
 3469
 3568
 3470
 3569
 3471
 3570
 3472
 3571
 3473
 3572
 3474
 3573
 3475
 3574
 3476
 3575
 3477
 3576
 3478
 3577
 3479
 3578
 3480
 3579
 3481
 3580
 3482
 3581
 3483
 3582
 3484
 3583
 3485
 3584
 3486
 3585
 3487
 3586
 3488
 3587
 3489
 3588
 3490
 3589
 3491
 3590
 3492
 3591
 3493
 3592
 3494
 3593
 3495
 3594
 3496
 3595
 3497
 3596
 3498
 3597
 3499
 3598
 3599
 3501
 3599
 3600
 3502
 3601
 3503
 3602
 3504
 3603
 3505
 3604
 3506
 3605
 3507
 3606
 3508
 3607
 3509
 3608
 3510
 3609
 3511
 3610
 3512
 3611
 3513
 3612
 3514
 3613
 3515
 3614
 3516
 3615
 3517
 3616
 3518
 3617
 3519
 3618
 3520
 3619
 3521
 3620
 3522
 3621
 3523
 3622
 3524
 3623
 3525
 3624
 3526
 3625
 3527
 3626
 3528
 3627
 3529
 3628
 3530
 3629
 3531
 3630
 3532
 3631
 3533
 3632
 3534
 3633
 3535
 3634
 3536
 3635
 3537
 3636
 3538
 3637
 3539
 3638
 3540
 3639
 3541
 3640
 3542
 3641
 3543
 3642
 3544
 3643
 3545
 3644
 3546
 3645
 3547
 3646
 3548
 3647
 3549
 3648
 3550
 3649
 3551
 3650
 3552
 3651
 3553
 3652
 3554
 3653
 3555
 3654
 3556
 3655
 3557
 3656
 3558
 3657
 3559
 3658
 3560
 3659
 3561
 3660
 3562
 3661
 3563
 3662
 3564
 3663
 3565
 3664
 3566
 3665
 3567
 3666
 3568
 3667
 3569
 3668
 3570
 3669
 3571
 3670
 3572
 3671
 3573
 3672
 3574
 3673
 3575
 3674
 3576
 3675
 3577
 3676
 3578
 3677
 3579
 3678
 3580
 3679
 3581
 3680
 3582
 3681
 3583
 3682
 3584
 3683
 3585
 3684
 3586
 3685
 3587
 3686
 3588
 3687
 3589
 3688
 3590
 3689
 3591
 3690
 3592
 3691
 3593
 3692
 3594
 3693
 3595
 3694
 3596
 3695
 3597
 3696
 3598
 3697
 3599
 3698
 3699
 3601
 3699
 3700
 3602
 3701
 3603
 3702
 3604
 3703
 3605
 3704
 3606
 3705
 3607
 3706
 3608
 3707
 3609
 3708
 3610
 3709
 3611
 3710
 3612
 3711
 3613
 3712
 3614
 3713
 3615
 3714
 3616
 3715
 3617
 3716
 3618
 3717
 3619
 3718
 3620
 3719
 3621
 3720
 3622
 3721
 3623
 3722
 3624
 3723
 3625
 3724
 3626
 3725
 3627
 3726
 3628
 3727
 3629
 3728
 3630
 3729
 3631
 3730
 3632
 3731
 3633
 3732
 3634
 3733
 3635
 3734
 3636
 3735
 3637
 3736
 3638
 3737
 3639
 3738
 3640
 3739
 3641
 3740
 3642
 3741
 3643
 3742
 3644
 3743
 3645
 3744
 3646
 3745
 3647
 3746
 3648
 3747
 3649
 3748
 3650
 3749
 3651
 3750
 3652
 3751
 3653
 3752
 3654
 3753
 3655
 3754
 3656
 3755
 3657
 3756
 3658
 3757
 3659
 3758
 3660
 3759
 3661
 3760
 3662
 3761
 3663
 3762
 3664
 3763
 3665
 3764
 3666
 3765
 3667
 3766
 3668
 3767
 3669
 3768
 3670
 3769
 3671
 3770
 3672
 3771
 3673
 3772
 3674
 3773
 3675
 3774
 3676
 3775
 3677
 3776
 3678
 3777
 3679
 3778
 3680
 3779
 3681
 3780
 3682
 3781
 3683
 3782
 3684
 3783
 3685
 3784
 3686
 3785
 3687
 3786
 3688
 3787
 3689
 3788
 3690
 3789
 3691
 3790
 3692
 3791
 3693
 3792
 3694
 3793
 3695
 3794
 3696
 3795
 3697
 3796
 3698
 3797
 3699
 3798
 3799
 3701
 3799
 3800
 3702
 3801
 3703
 3802
 3704
 3803
 3705
 3804
 3706
 3805
 3707
 3806
 3708
 3807
 3709
 3808
 3710
 3809
 3711
 3810
 3712
 3811
 3713
 3812
 3714
 3813
 3715
 3814
 3716
 3815
 3717
 3816
 3718
 3817
 3719
 3818
 3720
 3819
 3721
 3820
 3722
 3821
 3723
 3822
 3724
 3823
 3725
 3824
 3726
 3825
 3727
 3826
 3728
 3827
 3729
 3828
 3730
 3829
 3731
 3830
 3732
 3831
 3733
 3832
 3734
 3833
 3735
 3834
 3736
 3835
 3737
 3836
 3738
 3837
 3739
 3838
 3740
 3839
 3741
 3840
 3742
 3841
 3743
 3842
 3744
 3843
 3745
 3844
 3746
 3845
 3747
 3846
 3748
 3847
 3749
 3848
 3750
 3849
 3751
 3850
 3752
 3851
 3753
 3852
 3754
 3853
 3755
 3854
 3756
 3855
 3757
 3856
 3758
 3857
 3759
 3858
 3760
 3859
 3761
 3860
 3762
 3861
 3763
 3862
 3764
 3863
 3765
 3864
 3766
 3865
 3767
 3866
 3768
 3867
 3769
 3868
 3770
 3869
 3771
 3870
 3772
 3871
 3773
 3872
 3774
 3873
 3775
 3874
 3776
 3875
 3777
 3876
 3778
 3877
 3779
 3878
 3780
 3879
 3781
 3880
 3782
 3881
 3783
 3882
 3784
 3883
 3785
 3884
 3786
 3885
 3787
 3886
 3788
 3887
 3789
 3888
 3790
 3889
 3791
 3890
 3792
 3891
 3793
 3892
 3794
 3893
 3795
 3894
 3796
 3895
 3797
 3896
 3798
 3897
 3799
 3898
 3899
 3801
 3899
 3900
 3802
 3901
 3803
 3902
 3804
 3903
 3805
 3904
 3806
 3905
 3807
 3906
 3808
 3907
 3809
 3908
 3810
 3909
 3811
 3910
 3812
 3911
 3813
 3912
 3814
 3913
 3815
 3914
 3816
 3915
 3817
 3916
 3818
 3917
 3819
 3918
 3820
 3919
 3821
 3920
 3822
 3921
 3823
 3922
 3824
 3923
 3825
 3924
 3826
 3925
 3827
 3926
 3828
 3927
 3829
 3928
 3830
 3929
 3831
 3930
 3832
 3931
 3833
 3932
 3834
 3933
 3835
 3934
 3836
 3935
 3837
 3936
 3838
 3937
 3839
 3938
 3840
 3939
 3841
 3940
 3842
 3941
 3843
 3942
 3844
 3943
 3845
 3944
 3846
 3945
 3847
 3946
 3848
 3947
 3849
 3948
 3850
 3949
 3851
 3950
 3852
 3951
 3853
 3952
 3854
 3953
 3855
 3954
 3856
 3955
 3857
 3956
 3858
 3957
 3859
 3958
 3860
 3959
 3861
 3960
 3862
 3961
 3863
 3962
 3864
 3963
 3865
 3964
 3866
 3965
 3867
 3966
 3868
 3967
 3869
 3968
 3870
 3969
 3871
 3970
 3872
 3971
 3873
 3972
 3874
 3973
 3875
 3974
 3876
 3975
 3877
 3976
 3878
 3977
 3879
 3978
 3880
 3979
 3881
 3980
 3882
 3981
 3883
 3982
 3884
 3983
 3885
 3984
 3886
 3985
 3887
 3986
 3888
 3987
 3889
 3988
 3890
 3989
 3891
 3990
 3892
 3991
 3893
 3992
 3894
 3993
 3895
 3994
 3896
 3995
 3897
 3996
 3898
 3997
 3899
 3998
 3999
 3901
 3999
 4000
 3902
 4001
 3903
 4002
 3904
 4003
 3905
 4004
 3906
 4005
 3907
 4006
 3908
 4007
 3909
 4008
 3910
 4009
 3911
 4010
 3912
 4011
 3913
 4012
 3914
 4013
 3915
 4014
 3916
 4015
 3917
 4016
 3918
 4017
 3919
 4018
 3920
 4019
 3921
 4020
 3922
 4021
 3923
 4022
 3924
 4023
 3925
 4024
 3926
 4025
 3927
 4026
 3928
 4027
 3929
 4028
 3930
 4029
 3931
 4030
 3932
 4031
 3933
 4032
 3934
 4033
 3935
 4034
 3936
 4035
 3937
 4036
 3938
 4037
 3939
 4038
 3940
 4039
 3941
 4040
 3942
 4041
 3943
 4042
 3944
 4043
 3945
 4044
 3946
 4045
 3947
 4046
 3948
 4047
 3949
 4048
 3950
 4049
 3951
 4050
 3952
 4051
 3953
 4052
 3954
 4053
 3955
 4054
 3956
 4055
 3957
 4056
 3958
 4057
 3959
 4058
 3960
 4059
 3961
 4060
 3962
 4061
 3963
 4062
 3964
 4063
 3965
 4064
 3966
 4065
 3967
 4066
 3968
 4067
 3969
 4068
 3970
 4069
 3971
 4070
 3972
 4071
 3973
 4072
 3974
 4073
 3975
 4074
 3976
 4075
 3977
 4076
 3978
 4077
 3979
 4078
 3980
 4079
 3981
 4080
 3982
 4081
 3983
 4082
 3984
 4083
 3985
 4084
 3986
 4085
 3987
 4086
 3988
 4087
 3989
 4088
 3990
 4089
 3991
 4090
 3992
 4091
 3993
 4092
 3994
 4093
 3995
 4094
 3996
 4095
 3997
 4096
 3998
 4097
 3999
 4098
 4099
 4001
 4099
 4100
 4002
 4101
 4003
 4102
 4004
 4103
 4005
 4104
 4006
 4105
 4007
 4106
 4008
 4107
 4009
 4108
 4010
 4109
 4011
 4110
 4012
 4111
 4013
 4112
 4014
 4113
 4015
 4114
 4016
 4115
 4017
 4116
 4018
 4117
 4019
 4118
 4020
 4119
 4021
 4120
 4022
 4121
 4023
 4122
 4024
 4123
 4025
 4124
 4026
 4125
 4027
 4126
 4028
 4127
 4029
 4128
 4030
 4129
 4031
 4130
 4032
 4131
 4033
 4132
 4034
 4133
 4035
 4134
 4036
 4135
 4037
 4136
 4038
 4137
 4039
 4138
 4040
 4139
 4041
 4140
 4042
 4141
 4043
 4142
 4044
 4143
 4045
 4144
 4046
 4145
 4047
 4146
 4048
 4147
 4049
 4148
 4050
 4149
 4051
 4150
 4052
 4151
 4053
 4152
 4054
 4153
 4055
 4154
 4056
 4155
 4057
 4156
 4058
 4157
 4059
 4158
 4060
 4159
 4061
 4160
 4062
 4161
 4063
 4162
 4064
 4163
 4065
 4164
 4066
 4165
 4067
 4166
 4068
 4167
 4069
 4168
 4070
 4169
 4071
 4170
 4072
 4171
 4073
 4172
 4074
 4173
 4075
 4174
 4076
 4175
 4077
 4176
 4078
 4177
 4079
 4178
 4080
 4179
 4081
 4180
 4082
 4181
 4083
 4182
 4084
 4183
 4085
 4184
 4086
 4185
 4087
 4186
 4088
 4187
 4089
 4188
 4090
 4189
 4091
 4190
 4092
 4191
 4093
 4192
 4094
 4193
 4095
 4194
 4096
 4195
 4097
 4196
 4098
 4197
 4099
 4198
 4199
 4101
 4199
 4200
 4102
 4201
 4103
 4202
 4104
 4203
 4105
 4204
 4106
 4205
 4107
 4206
 4108
 4207
 4109
 4208
 4110
 4209
 4111
 4210
 4112
 4211
 4113
 4212
 4114
 4213
 4115
 4214
 4116
 4215
 4117
 4216
 4118
 4217
 4119
 4218
 4120
 4219
 4121
 4220
 4122
 4221
 4123
 4222
 4124
 4223
 4125
 4224
 4126
 4225
 4127
 4226
 4128
 4227
 4129
 4228
 4130
 4229
 4131
 4230
 4132
 4231
 4133
 4232
 4134
 4233
 4135
 4234
 4136
 4235
 4137
 4236
 4138
 4237
 4139
 4238
 4140
 4239
 4141
 4240
 4142
 4241
 4143
 4242
 4144
 4243
 4145
 4244
 4146
 4245
 4147
 4246
 4148
 4247
 4149
 4248
 4150
 4249
 4151
 4250
 4152
 4251
 4153
 4252
 4154
 4253
 4155
 4254
 4156
 4255
 4157
 4256
 4158
 4257
 4159
 4258
 4160
 4259
 4161
 4260
 4162
 4261
 4163
 4262
 4164
 4263
 4165
 4264
 4166
 4265
 4167
 4266
 4168
 4267
 4169
 4268
 4170
 4269
 4171
 4270
 4172
 4271
 4173
 4272
 4174
 4273
 4175
 4274
 4176
 4275
 4177
 4276
 4178
 4277
 4179
 4278
 4180
 4279
 4181
 4280
 4182
 4281
 4183
 4282
 4184
 4283
 4185
 4284
 4186
 4285
 4187
 4286
 4188
 4287
 4189
 4288
 4190
 4289
 4191
 4290
 4192
 4291
 4193
 4292
 4194
 4293
 4195
 4294
 4196
 4295
 4197
 4296
 4198
 4297
 4199
 4298
 4299
 4201
 4299
 4300
 4202
 4301
 4203
 4302
 4204
 4303
 4205
 4304
 4206
 4305
 4207
 4306
 4208
 4307
 4209
 4308
 4210
 4309
 4211
 4310
 4212
 4311
 4213
 4312
 4214
 4313
 4215
 4314
 4216
 4315
 4217
 4316
 4218
 4317
 4219
 4318
 4220
 4319
 4221
 4320
 4222
 4321
 4223
 4322
 4224
 4323
 4225
 4324
 4226
 4325
 4227
 4326
 4228
 4327
 4229
 4328
 4230
 4329
 4231
 4330
 4232
 4331
 4233
 4332
 4234
 4333
 4235
 4334
 4236
 4335
 4237
 4336
 4238
 4337
 4239
 4338
 4240
 4339
 4241
 4340
 4242
 4341
 4243
 4342
 4244
 4343
 4245
 4344
 4246
 4345
 4247
 4346
 4248
 4347
 4249
 4348
 4250
 4349
 4251
 4350
 4252
 4351
 4253
 4352
 4254
 4353
 4255
 4354
 4256
 4355
 4257
 4356
 4258
 4357
 4259
 4358
 4260
 4359
 4261
 4360
 4262
 4361
 4263
 4362
 4264
 4363
 4265
 4364
 4266
 4365
 4267
 4366
 4268
 4367
 4269
 4368
 4270
 4369
 4271
 4370
 4272
 4371
 4273
 4372
 4274
 4373
 4275
 4374
 4276
 4375
 4277
 4376
 4278
 4377
 4279
 4378
 4280
 4379
 4281
 4380
 4282
 4381
 4283
 4382
 4284
 4383
 4285
 4384
 4286
 4385
 4287
 4386
 4288
 4387
 4289
 4388
 4290
 4389
 4291
 4390
 4292
 4391
 4293
 4392
 4294
 4393
 4295
 4394
 4296
 4395
 4297
 4396
 4298
 4397
 4299
 4398
 4399
 4301
 4399
 4400
 4302
 4401
 4303
 4402
 4304
 4403
 4305
 4404
 4306
 4405
 4307
 4406
 4308
 4407
 4309
 4408
 4310
 4409
 4311
 4410
 4312
 4411
 4313
 4412
 4314
 4413
 4315
 4414
 4316
 4415
 4317
 4416
 4318
 4417
 4319
 4418
 4320
 4419
 4321
 4420
 4322
 4421
 4323
 4422
 4324
 4423
 4325
 4424
 4326
 4425
 4327
 4426
 4328
 4427
 4329
 4428
 4330
 4429
 4331
 4430
 4332
 4431
 4333
 4432
 4334
 4433
 4335
 4434
 4336
 4435
 4337
 4436
 4338
 4437
 4339
 4438
 4340
 4439
 4341
 4440
 4342
 4441
 4343
 4442
 4344
 4443
 4345
 4444
 4346
 4445
 4347
 4446
 4348
 4447
 4349
 4448
 4350
 4449
 4351
 4450
 4352
 4451
 4353
 4452
 4354
 4453
 4355
 4454
 4356
 4455
 4357
 4456
 4358
 4457
 4359
 4458
 4360
 4459
 4361
 4460
 4362
 4461
 4363
 4462
 4364
 4463
 4365
 4464
 4366
 4465
 4367
 4466
 4368
 4467
 4369
 4468
 4370
 4469
 4371
 4470
 4372
 4471
 4373
 4472
 4374
 4473
 4375
 4474
 4376
 4475
 4377
 4476
 4378
 4477
 4379
 4478
 4380
 4479
 4381
 4480
 4382
 4481
 4383
 4482
 4384
 4483
 4385
 4484
 4386
 4485
 4387
 4486
 4388
 4487
 4389
 4488
 4390
 4489
 4391
 4490
 4392
 4491
 4393
 4492
 4394
 4493
 4395
 4494
 4396
 4495
 4397
 4496
 4398
 4497
 4399
 4498
 4499
 4401
 4499
 4500
 4402
 4501
 4403
 4502
 4404
 4503
 4405
 4504
 4406
 4505
 4407
 4506
 4408
 4507
 4409
 4508
 4410
 4509
 4411
 4510
 4412
 4511
 4413
 4512
 4414
 4513
 4415
 4514
 4416
 4515
 4417
 4516
 4418
 4517
 4419
 4518
 4420
 4519
 4421
 4520
 4422
 4521
 4423
 4522
 4424
 4523
 4425
 4524
 4426
 4525
 4427
 4526
 4428
 4527
 4429
 4528
 4430
 4529
 4431
 4530
 4432
 4531
 4433
 4532
 4434
 4533
 4435
 4534
 4436
 4535
 4437
 4536
 4438
 4537
 4439
 4538
 4440
 4539
 4441
 4540
 4442
 4541
 4443
 4542
 4444
 4543
 4445
 4544
 4446
 4545
 4447
 4546
 4448
 4547
 4449
 4548
 4450
 4549
 4451
 4550
 4452
 4551
 4453
 4552
 4454
 4553
 4455
 4554
 4456
 4555
 4457
 4556
 4458
 4557
 4459
 4558
 4460
 4559
 4461
 4560
 4462
 4561
 4463
 4562
 4464
 4563
 4465
 4564
 4466
 4565
 4467
 4566
 4468
 4567
 4469
 4568
 4470
 4569
 4471
 4570
 4472
 4571
 4473
 4572
 4474
 4573
 4475
 4574
 4476
 4575
 4477
 4576
 4478
 4577
 4479
 4578
 4480
 4579
 4481
 4580
 4482
 4581
 4483
 4582
 4484
 4583
 4485
 4584
 4486
 4585
 4487
 4586
 4488
 4587
 4489
 4588
 4490
 4589
 4491
 4590
 4492
 4591
 4493
 4592
 4494
 4593
 4495
 4594
 4496
 4595
 4497
 4596
 4498
 4597
 4499
 4598
 4599
 4501
 4599
 4600
 4502
 4601
 4503
 4602
 4504
 4603
 4505
 4604
 4506
 4605
 4507
 4606
 4508
 4607
 4509
 4608
 4510
 4609
 4511
 4610
 4512
 4611
 4513
 4612
 4514
 4613
 4515
 4614
 4516
 4615
 4517
 4616
 4518
 4617
 4519
 4618
 4520
 4619
 4521
 4620
 4522
 4621
 4523
 4622
 4524
 4623
 4525
 4624
 4526
 4625
 4527
 4626
 4528
 4627
 4529
 4628
 4530
 4629
 4531
 4630
 4532
 4631
 4533
 4632
 4534
 4633
 4535
 4634
 4536
 4635
 4537
 4636
 4538
 4637
 4539
 4638
 4540
 4639
 4541
 4640
 4542
 4641
 4543
 4642
 4544
 4643
 4545
 4644
 4546
 4645
 4547
 4646
 4548
 4647
 4549
 4648
 4550
 4649
 4551
 4650
 4552
 4651
 4553
 4652
 4554
 4653
 4555
 4654
 4556
 4655
 4557
 4656
 4558
 4657
 4559
 4658
 4560
 4659
 4561
 4660
 4562
 4661
 4563
 4662
 4564
 4663
 4565
 4664
 4566
 4665
 4567
 4666
 4568
 4667
 4569
 4668
 4570
 4669
 4571
 4670
 4572
 4671
 4573
 4672
 4574
 4673
 4575
 4674
 4576
 4675
 4577
 4676
 4578
 4677
 4579
 4678
 4580
 4679
 4581
 4680
 4582
 4681
 4583
 4682
 4584
 4683
 4585
 4684
 4586
 4685
 4587
 4686
 4588
 4687
 4589
 4688
 4590
 4689
 4591
 4690
 4592
 4691
 4593
 4692
 4594
 4693
 4595
 4694
 4596
 4695
 4597
 4696
 4598
 4697
 4599
 4698
 4699
 4601
 4699
 4700
 4602
 4701
 4603
 4702
 4604
 4703
 4605
 4704
 4606
 4705
 4607
 4706
 4608
 4707
 4609
 4708
 4610
 4709
 4611
 4710
 4612
 4711
 4613
 4712
 4614
 4713
 4615
 4714
 4616
 4715
 4617
 4716
 4618
 4717
 4619
 4718
 4620
 4719
 4621
 4720
 4622
 4721
 4623
 4722
 4624
 4723
 4625
 4724
 4626
 4725
 4627
 4726
 4628
 4727
 4629
 4728
 4630
 4729
 4631
 4730
 4632
 4731
 4633
 4732
 4634
 4733
 4635
 4734
 4636
 4735
 4637
 4736
 4638
 4737
 4639
 4738
 4640
 4739
 4641
 4740
 4642
 4741
 4643
 4742
 4644
 4743
 4645
 4744
 4646
 4745
 4647
 4746
 4648
 4747
 4649
 4748
 4650
 4749
 4651
 4750
 4652
 4751
 4653
 4752
 4654
 4753
 4655
 4754
 4656
 4755
 4657
 4756
 4658
 4757
 4659
 4758
 4660
 4759
 4661
 4760
 4662
 4761
 4663
 4762
 4664
 4763
 4665
 4764
 4666
 4765
 4667
 4766
 4668
 4767
 4669
 4768
 4670
 4769
 4671
 4770
 4672
 4771
 4673
 4772
 4674
 4773
 4675
 4774
 4676
 4775
 4677
 4776
 4678
 4777
 4679
 4778
 4680
 4779
 4681
 4780
 4682
 4781
 4683
 4782
 4684
 4783
 4685
 4784
 4686
 4785
 4687
 4786
 4688
 4787
 4689
 4788
 4690
 4789
 4691
 4790
 4692
 4791
 4693
 4792
 4694
 4793
 4695
 4794
 4696
 4795
 4697
 4796
 4698
 4797
 4699
 4798
 4799
 4701
 4799
 5094
 4702
 5095
 4703
 5096
 4704
 5097
 4705
 5098
 4706
 5099
 4707
 5100
 4708
 5101
 4709
 5102
 4710
 5103
 4711
 5104
 4712
 5833
 4713
 6504
 4714
 5107
 4715
 5108
 4716
 5109
 4717
 5110
 4718
 6439
 4719
 5112
 4720
 5113
 4721
 5114
 4722
 5115
 4723
 5116
 4724
 5117
 4725
 5608
 4726
 5119
 4727
 5120
 4728
 5121
 4729
 5122
 4730
 5123
 4731
 6805
 4732
 6788
 4733
 5126
 4734
 5127
 4735
 5128
 4736
 6496
 4737
 5130
 4738
 5131
 4739
 5132
 4740
 5133
 4741
 5134
 4742
 5135
 4743
 5136
 4744
 5137
 4745
 5138
 4746
 5139
 4747
 5140
 4748
 5141
 4749
 5142
 4750
 5143
 4751
 5144
 4752
 5145
 4753
 5146
 4754
 5147
 4755
 5148
 4756
 5149
 4757
 5150
 4758
 5151
 4759
 5152
 4760
 5153
 4761
 5976
 4762
 5155
 4763
 6264
 4764
 5600
 4765
 5158
 4766
 5159
 4767
 5160
 4768
 5161
 4769
 5162
 4770
 5598
 4771
 5164
 4772
 5165
 4773
 5946
 4774
 6237
 4775
 5167
 4776
 5168
 4777
 5169
 4778
 5170
 4779
 5587
 4780
 5172
 4781
 5584
 4782
 5174
 4783
 5175
 4784
 6228
 4785
 5177
 4786
 5178
 4787
 5179
 4788
 5180
 4789
 5181
 4790
 5182
 4791
 5183
 4792
 5184
 4793
 5185
 4794
 5186
 4795
 5187
 4796
 5496
 4797
 5189
 4798
 5190
 4799
 5191
 5543
 4801
 5093
 4802
 5484
 4803
 5568
 4804
 5197
 4805
 5198
 4806
 5199
 4807
 5200
 4808
 5201
 4809
 5202
 4810
 5203
 4811
 5204
 4812
 5205
 4813
 5206
 4814
 5207
 4815
 5208
 4816
 5209
 4817
 5210
 4818
 5211
 4819
 5212
 4820
 5213
 4821
 5214
 4822
 5215
 4823
 5216
 4824
 5217
 4825
 5218
 4826
 5219
 4827
 5220
 4828
 5221
 4829
 5222
 4830
 5223
 4831
 5224
 4832
 5225
 4833
 5226
 4834
 5227
 5898
 5942
 4836
 6349
 6783
 5551
 6791
 6800
 6616
 6810
 6814
 5045
 6193
 6505
 4840
 5236
 6826
 4841
 5230
 4842
 5569
 4843
 5237
 4844
 5238
 4845
 5239
 4846
 5240
 4847
 5241
 4848
 5242
 4849
 5243
 4850
 5244
 4851
 5245
 4852
 5246
 4853
 5247
 4854
 5248
 4855
 5249
 4856
 5250
 4857
 5251
 4858
 5252
 4859
 5253
 4860
 5254
 4861
 5255
 4862
 5256
 4863
 5257
 4864
 5258
 4865
 5259
 4866
 5260
 4867
 5261
 4868
 5262
 4869
 5263
 4870
 5264
 4871
 5265
 4872
 5266
 4873
 5267
 4874
 5268
 4875
 5269
 4876
 5270
 4877
 5271
 4878
 5272
 4879
 5273
 4880
 5274
 4881
 5275
 4882
 5276
 4883
 5277
 4884
 5278
 4885
 5279
 4886
 5280
 4887
 5281
 4888
 5282
 4889
 5283
 4890
 5284
 4891
 5285
 4892
 5286
 4893
 5287
 4894
 5288
 4895
 5289
 4896
 5290
 4897
 5291
 4898
 5292
 4899
 5293
 4900
 5294
 4901
 5295
 4902
 5296
 4903
 5297
 4904
 5298
 4905
 5299
 4906
 5300
 4907
 5301
 4908
 5302
 4909
 5303
 4910
 5304
 4911
 5305
 4912
 5306
 4913
 5307
 4914
 5308
 4915
 5309
 4916
 5310
 4917
 5311
 4918
 5312
 4919
 5313
 4920
 5314
 4921
 5315
 4922
 5316
 4923
 5317
 4924
 5318
 4925
 5319
 4926
 5320
 4927
 5321
 4928
 5322
 4929
 5323
 4930
 5324
 4931
 5325
 4932
 5326
 4933
 5327
 4934
 5328
 4935
 4936
 5328
 4937
 5329
 4938
 5331
 4939
 5332
 4940
 5333
 4941
 5334
 4942
 5335
 4943
 5336
 4944
 5337
 4945
 5338
 4946
 5339
 4947
 5340
 4948
 4949
 5340
 4950
 5341
 4951
 5343
 4952
 5344
 4953
 5345
 4954
 5346
 4955
 5347
 4956
 5348
 4957
 5349
 4958
 5350
 4959
 5351
 4960
 5352
 4961
 5353
 4962
 5354
 4963
 5355
 4964
 5356
 4965
 5357
 4966
 5358
 4967
 5359
 4968
 5360
 4969
 5361
 4970
 5362
 4971
 5363
 4972
 5364
 4973
 5365
 4974
 5366
 4975
 5367
 4976
 5368
 4977
 5369
 4978
 5370
 4979
 5371
 4980
 5372
 4981
 5373
 4982
 5374
 4983
 5375
 4984
 5376
 4985
 5377
 4986
 5378
 4987
 5379
 4988
 5380
 4989
 5381
 4990
 5382
 4991
 5383
 4992
 5384
 4993
 5385
 4994
 5386
 4995
 5387
 4996
 5388
 4997
 5389
 4998
 5390
 4999
 5391
 5000
 5392
 5001
 5393
 5002
 5394
 5003
 5395
 5004
 5396
 5005
 5397
 5006
 5398
 5007
 5399
 5008
 5400
 5009
 5401
 5010
 5402
 5011
 5403
 5012
 5404
 5013
 5405
 5014
 5406
 5015
 5407
 5016
 5408
 5017
 5409
 5018
 5410
 5019
 5411
 5020
 5412
 5021
 5413
 5022
 5414
 5023
 5415
 5024
 5416
 5025
 5417
 5026
 5418
 5027
 5419
 5028
 5420
 5029
 5421
 5030
 5422
 5031
 5423
 5032
 5424
 5033
 5425
 5034
 5426
 5035
 5427
 5036
 5428
 5037
 5429
 5038
 5430
 5039
 5431
 5040
 5432
 5041
 5433
 5434
 6734
 5047
 5523
 5892
 5044
 5157
 6710
 5440
 5589
 5539
 6242
 6769
 5105
 5932
 6481
 5193
 5522
 6235
 5049
 5342
 6512
 5050
 5441
 5051
 5442
 5052
 5443
 5053
 5444
 5054
 5445
 5055
 5446
 5056
 5447
 5057
 5448
 5058
 5449
 5059
 5450
 5060
 5451
 5061
 5452
 5062
 5453
 5063
 5454
 5064
 5455
 5065
 5456
 5066
 5457
 5067
 5458
 5068
 5459
 5069
 5460
 5070
 5461
 5071
 5462
 5072
 5463
 5073
 5464
 5074
 5465
 5075
 5466
 5076
 5467
 5077
 5468
 5078
 5469
 5079
 5470
 5080
 5471
 5081
 5472
 5082
 5083
 5472
 5084
 5473
 5085
 5475
 5086
 5476
 5087
 5477
 5088
 5478
 5089
 5479
 5090
 5480
 5091
 5481
 5092
 5482
 5093
 5483
 5484
 5095
 5567
 5595
 5096
 5487
 5097
 5485
 5098
 5486
 5099
 5488
 5489
 5594
 5101
 5491
 5594
 5102
 5492
 5103
 5490
 5104
 5474
 5493
 6226
 5106
 5937
 5494
 6498
 6823
 5108
 5494
 6498
 5109
 5330
 5498
 5500
 5163
 5500
 6467
 5156
 5878
 5934
 5113
 5499
 6439
 5114
 5570
 5115
 5502
 5116
 5503
 5117
 5504
 5505
 5638
 5129
 6462
 6700
 5120
 5507
 5608
 5121
 5508
 5122
 5509
 5123
 5510
 5511
 6805
 5125
 6500
 6822
 5232
 6770
 6815
 5127
 5514
 6779
 5128
 5515
 5516
 6496
 5931
 6463
 6703
 5131
 5518
 6488
 5132
 5519
 5195
 6165
 5134
 5195
 5522
 5135
 5523
 5136
 5521
 5137
 5571
 5138
 5524
 5139
 5525
 5140
 5526
 5141
 5527
 5142
 5528
 5529
 6506
 5144
 5531
 6506
 5145
 5532
 5146
 5530
 5147
 5572
 5533
 5606
 5149
 5535
 5606
 5150
 5536
 5151
 5534
 5152
 5573
 5537
 5601
 5601
 5976
 6767
 5157
 6710
 6711
 5541
 6067
 6352
 6202
 6207
 6712
 5589
 5938
 5159
 5574
 5600
 5160
 6513
 5161
 5935
 5162
 6702
 5599
 6701
 5171
 5500
 5165
 5546
 5598
 5547
 5975
 5176
 5528
 5529
 5168
 6237
 6715
 5169
 5548
 5170
 5575
 5550
 5591
 5596
 6467
 6780
 5552
 5585
 5587
 5188
 5599
 6701
 5554
 5576
 5584
 5555
 5576
 6236
 5228
 5896
 6753
 5178
 5603
 6228
 5179
 6714
 5180
 5556
 5181
 5557
 5577
 6785
 5183
 5559
 5577
 5184
 5560
 5185
 5558
 5186
 5578
 5187
 5561
 5496
 5562
 5546
 6479
 6819
 5190
 5495
 5565
 5191
 5566
 5564
 5580
 5194
 5550
 5591
 5231
 5834
 6166
 5234
 5552
 6812
 5512
 6165
 5228
 5940
 6214
 5198
 5568
 5912
 5199
 5611
 5200
 5911
 5201
 5734
 5202
 5612
 5203
 5613
 5204
 5614
 5205
 5615
 5206
 5616
 5207
 5617
 5208
 5618
 5209
 5619
 5210
 5620
 5211
 5621
 5212
 5622
 5213
 5623
 5214
 5624
 5215
 5625
 5216
 5626
 5217
 5627
 5218
 5628
 5219
 5629
 5220
 5630
 5221
 5631
 5222
 5632
 5223
 5633
 5224
 5634
 5225
 5635
 5226
 5636
 5227
 5637
 5898
 6781
 5529
 5588
 5540
 6241
 6819
 6821
 5236
 5569
 5743
 5512
 5522
 5641
 5939
 5979
 5235
 6472
 6474
 5554
 5585
 6733
 5544
 5836
 6077
 5586
 6707
 5238
 5569
 5641
 5239
 5642
 5240
 5913
 5241
 5640
 5242
 5643
 5243
 5644
 5244
 5645
 5245
 5646
 5246
 5647
 5247
 5648
 5248
 5649
 5249
 5650
 5250
 5651
 5251
 5652
 5252
 5653
 5253
 5654
 5254
 5655
 5255
 5656
 5256
 5657
 5257
 5658
 5258
 5659
 5259
 5660
 5260
 5661
 5261
 5662
 5262
 5663
 5263
 5664
 5264
 5665
 5265
 5666
 5266
 5667
 5267
 5668
 5268
 5669
 5269
 5670
 5270
 5671
 5271
 5672
 5272
 5673
 5273
 5674
 5274
 5675
 5275
 5676
 5276
 5677
 5277
 5678
 5278
 5679
 5279
 5680
 5280
 5681
 5281
 5682
 5282
 5683
 5283
 5684
 5284
 5685
 5285
 5686
 5286
 5687
 5287
 5688
 5288
 5689
 5289
 5690
 5290
 5691
 5291
 5692
 5292
 5693
 5293
 5694
 5294
 5695
 5295
 5696
 5296
 5697
 5297
 5698
 5298
 5699
 5299
 5700
 5300
 5701
 5301
 5702
 5302
 5703
 5303
 5704
 5304
 5705
 5305
 5706
 5306
 5707
 5307
 5708
 5308
 5709
 5309
 5710
 5310
 5711
 5311
 5712
 5312
 5713
 5313
 5714
 5314
 5715
 5315
 5716
 5316
 5717
 5317
 5718
 5318
 5719
 5319
 5720
 5320
 5721
 5321
 5722
 5322
 5723
 5323
 5724
 5324
 5725
 5325
 5726
 5326
 5727
 5327
 5728
 5328
 5729
 5329
 5331
 5729
 5494
 5498
 5888
 5332
 5733
 5333
 5732
 5334
 5731
 5335
 5735
 5336
 5736
 5337
 5737
 5338
 5738
 5339
 5739
 5340
 5740
 5341
 5343
 5740
 5441
 5610
 6759
 5344
 5745
 5345
 5744
 5346
 5742
 5347
 5746
 5348
 5747
 5349
 5748
 5350
 5749
 5351
 5750
 5352
 5751
 5353
 5752
 5354
 5753
 5355
 5754
 5356
 5755
 5357
 5756
 5358
 5757
 5359
 5758
 5360
 5759
 5361
 5760
 5362
 5761
 5363
 5762
 5364
 5763
 5365
 5764
 5366
 5765
 5367
 5766
 5368
 5767
 5369
 5768
 5370
 5769
 5371
 5770
 5372
 5771
 5373
 5772
 5374
 5773
 5375
 5774
 5376
 5775
 5377
 5776
 5378
 5777
 5379
 5778
 5380
 5779
 5381
 5780
 5382
 5781
 5383
 5782
 5384
 5783
 5385
 5784
 5386
 5785
 5387
 5786
 5388
 5787
 5389
 5788
 5390
 5789
 5391
 5790
 5392
 5791
 5393
 5792
 5394
 5793
 5395
 5794
 5396
 5795
 5397
 5796
 5398
 5797
 5399
 5798
 5400
 5799
 5401
 5800
 5402
 5801
 5403
 5802
 5404
 5803
 5405
 5804
 5406
 5805
 5407
 5806
 5408
 5807
 5409
 5808
 5410
 5809
 5411
 5810
 5412
 5811
 5413
 5812
 5414
 5813
 5415
 5814
 5416
 5815
 5417
 5816
 5418
 5817
 5419
 5818
 5420
 5819
 5421
 5820
 5422
 5821
 5423
 5822
 5424
 5823
 5425
 5824
 5426
 5825
 5427
 5826
 5428
 5827
 5429
 5828
 5430
 5829
 5431
 5830
 5432
 5831
 5433
 5832
 5434
 5902
 5834
 6166
 5437
 6438
 6704
 5438
 6265
 6724
 6160
 6440
 6789
 6203
 6473
 6531
 5440
 6804
 5609
 5835
 5442
 5836
 5443
 5741
 5444
 5837
 5445
 5838
 5446
 5839
 5447
 5840
 5448
 5841
 5449
 5842
 5450
 5843
 5451
 5844
 5452
 5845
 5453
 5846
 5454
 5847
 5455
 5848
 5456
 5849
 5457
 5850
 5458
 5851
 5459
 5852
 5460
 5853
 5461
 5854
 5462
 5855
 5463
 5856
 5464
 5857
 5465
 5858
 5466
 5859
 5467
 5860
 5468
 5861
 5469
 5862
 5470
 5863
 5471
 5864
 5472
 5865
 5473
 5475
 5865
 5490
 5493
 5868
 5476
 5870
 5477
 5869
 5478
 5866
 5479
 5871
 5480
 5872
 5481
 5873
 5482
 5874
 5483
 5875
 5484
 5876
 5568
 5486
 5487
 5882
 5488
 5880
 5567
 5881
 5489
 5879
 5878
 5934
 5492
 5883
 5492
 5884
 6760
 5885
 5867
 6774
 5597
 5496
 5605
 5563
 5501
 6534
 6789
 5596
 6790
 5570
 6467
 6780
 5596
 6266
 6684
 6717
 5503
 5570
 6775
 5504
 6775
 5505
 6778
 5973
 6798
 5520
 6350
 6613
 5508
 5638
 6773
 5509
 6773
 5510
 6802
 5511
 5609
 5886
 6805
 5834
 6080
 5604
 6238
 6779
 5515
 5604
 6779
 5516
 5890
 6496
 6690
 5540
 6241
 5519
 5938
 6488
 6165
 6711
 6356
 6511
 6716
 5523
 5571
 5892
 5523
 5525
 5571
 5915
 5526
 5895
 5527
 5893
 5528
 5917
 5896
 6510
 5532
 5572
 5918
 5532
 5920
 6510
 5900
 5572
 5919
 6765
 5536
 5573
 5921
 5536
 5923
 5947
 5901
 5573
 5601
 5922
 5539
 6465
 6470
 6505
 6703
 5929
 6811
 5586
 6352
 6826
 5544
 6475
 6531
 5580
 5595
 6359
 6495
 5549
 6062
 6243
 5547
 5599
 5602
 6819
 5575
 5929
 6715
 6064
 6347
 6494
 5575
 6811
 5553
 6349
 5585
 5591
 6212
 6507
 6791
 6218
 6493
 6236
 6813
 6820
 5557
 6714
 6735
 6785
 6810
 5560
 5578
 5904
 5560
 5639
 6771
 5903
 5562
 5578
 5926
 5563
 5908
 5605
 5906
 5566
 5580
 5909
 5566
 5605
 5928
 5910
 5927
 6776
 5876
 5877
 6796
 6764
 5891
 5899
 5607
 6513
 6807
 6731
 6218
 6820
 5941
 6771
 5907
 5581
 5936
 6361
 5933
 6208
 6211
 6782
 5583
 6222
 6615
 6230
 6478
 6763
 5585
 6067
 6826
 5591
 6214
 6502
 6753
 5890
 6690
 5893
 6477
 6824
 5593
 5940
 6214
 5920
 6212
 6507
 5934
 6760
 5933
 6776
 6780
 5888
 5924
 6823
 5599
 5607
 6766
 5975
 6819
 6821
 6236
 6714
 6813
 5890
 5897
 5905
 5947
 6765
 6264
 6468
 5638
 5886
 6804
 6239
 6512
 6706
 5911
 5912
 6227
 5613
 5734
 6225
 5614
 5949
 5615
 5948
 5616
 6219
 5617
 5950
 5618
 5951
 5619
 5952
 5620
 5953
 5621
 5954
 5622
 5955
 5623
 5956
 5624
 5957
 5625
 5958
 5626
 5959
 5627
 5960
 5628
 5961
 5629
 5962
 5630
 5963
 5631
 5964
 5632
 5965
 5633
 5966
 5634
 5967
 5635
 5968
 5636
 5969
 5637
 5970
 5971
 6784
 5973
 5898
 5903
 5942
 5643
 5913
 5974
 5642
 5877
 5913
 5979
 5644
 5978
 5645
 6232
 5646
 5980
 5647
 5981
 5648
 5982
 5649
 5983
 5650
 5984
 5651
 5985
 5652
 5986
 5653
 5987
 5654
 5988
 5655
 5989
 5656
 5990
 5657
 5991
 5658
 5992
 5659
 5993
 5660
 5994
 5661
 5995
 5662
 5996
 5663
 5997
 5664
 5998
 5665
 5999
 5666
 6000
 5667
 6001
 5668
 6002
 5669
 6003
 5670
 6004
 5671
 6005
 5672
 6006
 5673
 6007
 5674
 6008
 5675
 6009
 5676
 6010
 5677
 6011
 5678
 6012
 5679
 6013
 5680
 6014
 5681
 6015
 5682
 6016
 5683
 6017
 5684
 6018
 5685
 6019
 5686
 6020
 5687
 6021
 5688
 6022
 5689
 6023
 5690
 6024
 5691
 6025
 5692
 6026
 5693
 6027
 5694
 6028
 5695
 6029
 5696
 6030
 5697
 6031
 5698
 6032
 5699
 6033
 5700
 6034
 5701
 6035
 5702
 6036
 5703
 6037
 5704
 6038
 5705
 6039
 5706
 6040
 5707
 6041
 5708
 6042
 5709
 6043
 5710
 6044
 5711
 6045
 5712
 6046
 5713
 6047
 5714
 6048
 5715
 6049
 5716
 6050
 5717
 6051
 5718
 6052
 5719
 6053
 5720
 6054
 5721
 6055
 5722
 6056
 5723
 6057
 5724
 6058
 5725
 6059
 5726
 6060
 5727
 6061
 5728
 6062
 5729
 6063
 5733
 5833
 5945
 6504
 5732
 5735
 6064
 5733
 6243
 6063
 5911
 6068
 5736
 5977
 5737
 6066
 5738
 6070
 5739
 6071
 5740
 6069
 5745
 5836
 5837
 6077
 5744
 5746
 6074
 6707
 6766
 6786
 5745
 6231
 6069
 5747
 6072
 5748
 6076
 5749
 6079
 5750
 6081
 5751
 6082
 5752
 6083
 5753
 6084
 5754
 6085
 5755
 6086
 5756
 6087
 5757
 6088
 5758
 6089
 5759
 6090
 5760
 6091
 5761
 6092
 5762
 6093
 5763
 6094
 5764
 6095
 5765
 6096
 5766
 6097
 5767
 6098
 5768
 6099
 5769
 6100
 5770
 6101
 5771
 6102
 5772
 6103
 5773
 6104
 5774
 6105
 5775
 6106
 5776
 6107
 5777
 6108
 5778
 6109
 5779
 6110
 5780
 6111
 5781
 6112
 5782
 6113
 5783
 6114
 5784
 6115
 5785
 6116
 5786
 6117
 5787
 6118
 5788
 6119
 5789
 6120
 5790
 6121
 5791
 6122
 5792
 6123
 5793
 6124
 5794
 6125
 5795
 6126
 5796
 6127
 5797
 6128
 5798
 6129
 5799
 6130
 5800
 6131
 5801
 6132
 5802
 6133
 5803
 6134
 5804
 6135
 5805
 6136
 5806
 6137
 5807
 6138
 5808
 6139
 5809
 6140
 5810
 6141
 5811
 6142
 5812
 6143
 5813
 6144
 5814
 6145
 5815
 6146
 5816
 6147
 5817
 6148
 5818
 6149
 5819
 6150
 5820
 6151
 5821
 6152
 5822
 6153
 5823
 6154
 5824
 6155
 5825
 6156
 5826
 6157
 5827
 6158
 5828
 6159
 5829
 6160
 5830
 6161
 5831
 6162
 5832
 6163
 5902
 6164
 5944
 6226
 6734
 5886
 5890
 5897
 6759
 5838
 6078
 5839
 6073
 5840
 6075
 5841
 6167
 5842
 6168
 5843
 6169
 5844
 6170
 5845
 6171
 5846
 6172
 5847
 6173
 5848
 6174
 5849
 6175
 5850
 6176
 5851
 6177
 5852
 6178
 5853
 6179
 5854
 6180
 5855
 6181
 5856
 6182
 5857
 6183
 5858
 6184
 5859
 6185
 5860
 6186
 5861
 6187
 5862
 6188
 5863
 6189
 5864
 6190
 5865
 6191
 5870
 5869
 5871
 6194
 5868
 6706
 6787
 5883
 6706
 5870
 6196
 6191
 5872
 6192
 5873
 6193
 5874
 6195
 5875
 6198
 5876
 6199
 5912
 6770
 6786
 5879
 6202
 5880
 6201
 5882
 6204
 5882
 5927
 6205
 6732
 5885
 6239
 5885
 6207
 6712
 6709
 5889
 5929
 5975
 6715
 6821
 6726
 6790
 5897
 6794
 5918
 5919
 6211
 6235
 6764
 5895
 5917
 5898
 5903
 5904
 6781
 5915
 6761
 5917
 6213
 6238
 5921
 5922
 6240
 5918
 5920
 6212
 5921
 5923
 6772
 5914
 5904
 5907
 5906
 5928
 6220
 5908
 6217
 5926
 6781
 5926
 6221
 5910
 5925
 6222
 5928
 6223
 6224
 6199
 6200
 6166
 6471
 6762
 6761
 6764
 5924
 6823
 6824
 6065
 6215
 6503
 5940
 6240
 6766
 6786
 6229
 6818
 6726
 6796
 5933
 5943
 6230
 6817
 5943
 5972
 6197
 6731
 5931
 6485
 6768
 6769
 6483
 6713
 5937
 5944
 6792
 6776
 6712
 6513
 6702
 6809
 5939
 6208
 6822
 5945
 6498
 6690
 6711
 6482
 6815
 6510
 5942
 6469
 6785
 6771
 6216
 6776
 5945
 6792
 6504
 5975
 6237
 6715
 6503
 6818
 5949
 6219
 6491
 6225
 6483
 5951
 6219
 6244
 5952
 6245
 5953
 6487
 5954
 6476
 5955
 6246
 5956
 6247
 5957
 6248
 5958
 6249
 5959
 6250
 5960
 6251
 5961
 6252
 5962
 6253
 5963
 6254
 5964
 6255
 5965
 6256
 5966
 6257
 5967
 6258
 5968
 6259
 5969
 6260
 5970
 6261
 5971
 6262
 6233
 6263
 6205
 6216
 6265
 6773
 6799
 5978
 6200
 6266
 6067
 6767
 6064
 6066
 6494
 6232
 6267
 6200
 6482
 5981
 6232
 6268
 5982
 6269
 5983
 6480
 5984
 6486
 5985
 6270
 5986
 6271
 5987
 6272
 5988
 6273
 5989
 6274
 5990
 6275
 5991
 6276
 5992
 6277
 5993
 6278
 5994
 6279
 5995
 6280
 5996
 6281
 5997
 6282
 5998
 6283
 5999
 6284
 6000
 6285
 6001
 6286
 6002
 6287
 6003
 6288
 6004
 6289
 6005
 6290
 6006
 6291
 6007
 6292
 6008
 6293
 6009
 6294
 6010
 6295
 6011
 6296
 6012
 6297
 6013
 6298
 6014
 6299
 6015
 6300
 6016
 6301
 6017
 6302
 6018
 6303
 6019
 6304
 6020
 6305
 6021
 6306
 6022
 6307
 6023
 6308
 6024
 6309
 6025
 6310
 6026
 6311
 6027
 6312
 6028
 6313
 6029
 6314
 6030
 6315
 6031
 6316
 6032
 6317
 6033
 6318
 6034
 6319
 6035
 6320
 6036
 6321
 6037
 6322
 6038
 6323
 6039
 6324
 6040
 6325
 6041
 6326
 6042
 6327
 6043
 6328
 6044
 6329
 6045
 6330
 6046
 6331
 6047
 6332
 6048
 6333
 6049
 6334
 6050
 6335
 6051
 6336
 6052
 6337
 6053
 6338
 6054
 6339
 6055
 6340
 6056
 6341
 6057
 6342
 6058
 6343
 6059
 6344
 6060
 6345
 6061
 6346
 6062
 6347
 6063
 6243
 6243
 6212
 6349
 6497
 6070
 6350
 6707
 6224
 6225
 6490
 6071
 6231
 6071
 6356
 6501
 6074
 6076
 6351
 6075
 6078
 6354
 6231
 6511
 6167
 6355
 6079
 6357
 6078
 6359
 6360
 6081
 6353
 6165
 6710
 6711
 6082
 6445
 6083
 6484
 6084
 6362
 6085
 6363
 6086
 6364
 6087
 6365
 6088
 6366
 6089
 6367
 6090
 6368
 6091
 6369
 6092
 6370
 6093
 6371
 6094
 6372
 6095
 6373
 6096
 6374
 6097
 6375
 6098
 6376
 6099
 6377
 6100
 6378
 6101
 6379
 6102
 6380
 6103
 6381
 6104
 6382
 6105
 6383
 6106
 6384
 6107
 6385
 6108
 6386
 6109
 6387
 6110
 6388
 6111
 6389
 6112
 6390
 6113
 6391
 6114
 6392
 6115
 6393
 6116
 6394
 6117
 6395
 6118
 6396
 6119
 6397
 6120
 6398
 6121
 6399
 6122
 6400
 6123
 6401
 6124
 6402
 6125
 6403
 6126
 6404
 6127
 6405
 6128
 6406
 6129
 6407
 6130
 6408
 6131
 6409
 6132
 6410
 6133
 6411
 6134
 6412
 6135
 6413
 6136
 6414
 6137
 6415
 6138
 6416
 6139
 6417
 6140
 6418
 6141
 6419
 6142
 6420
 6143
 6421
 6144
 6422
 6145
 6423
 6146
 6424
 6147
 6425
 6148
 6426
 6149
 6427
 6150
 6428
 6151
 6429
 6152
 6430
 6153
 6431
 6154
 6432
 6155
 6433
 6156
 6434
 6157
 6435
 6158
 6436
 6159
 6437
 6160
 6438
 6161
 6162
 6440
 6163
 6441
 6164
 6442
 6443
 6471
 6235
 6168
 6489
 6169
 6358
 6170
 6444
 6171
 6446
 6172
 6447
 6173
 6448
 6174
 6449
 6175
 6450
 6176
 6451
 6177
 6452
 6178
 6453
 6179
 6454
 6180
 6455
 6181
 6456
 6182
 6457
 6183
 6458
 6184
 6459
 6185
 6460
 6186
 6461
 6187
 6462
 6188
 6463
 6189
 6464
 6190
 6465
 6191
 6466
 6196
 6193
 6194
 6505
 6195
 6196
 6470
 6198
 6242
 6466
 6220
 6223
 6624
 6199
 6806
 6227
 6719
 6202
 6204
 6495
 6474
 6206
 6623
 6724
 6475
 6732
 6473
 6732
 6262
 6528
 6763
 6709
 6795
 6209
 6803
 6782
 6783
 6801
 6224
 6242
 6490
 6806
 6215
 6497
 6508
 6753
 6824
 6499
 6361
 6509
 6230
 6478
 6220
 6233
 6816
 6493
 6820
 6492
 6624
 6234
 6816
 6817
 6223
 6230
 6615
 6227
 6485
 6774
 6792
 6806
 6236
 6500
 6509
 6772
 6501
 6348
 6234
 6624
 6784
 6816
 6762
 6788
 6794
 6709
 6759
 6772
 6786
 6479
 6768
 6245
 6492
 6618
 6487
 6514
 6247
 6476
 6515
 6248
 6516
 6249
 6617
 6250
 6627
 6251
 6517
 6252
 6518
 6253
 6519
 6254
 6520
 6255
 6521
 6256
 6522
 6257
 6523
 6258
 6524
 6259
 6525
 6260
 6526
 6261
 6527
 6262
 6528
 6263
 6615
 6763
 6468
 6473
 6478
 6267
 6719
 6348
 6534
 6269
 6348
 6536
 6480
 6537
 6271
 6486
 6538
 6272
 6539
 6273
 6532
 6274
 6708
 6275
 6540
 6276
 6541
 6277
 6542
 6278
 6543
 6279
 6544
 6280
 6545
 6281
 6546
 6282
 6547
 6283
 6548
 6284
 6549
 6285
 6550
 6286
 6551
 6287
 6552
 6288
 6553
 6289
 6554
 6290
 6555
 6291
 6556
 6292
 6557
 6293
 6558
 6294
 6559
 6295
 6560
 6296
 6561
 6297
 6562
 6298
 6563
 6299
 6564
 6300
 6565
 6301
 6566
 6302
 6567
 6303
 6568
 6304
 6569
 6305
 6570
 6306
 6571
 6307
 6572
 6308
 6573
 6309
 6574
 6310
 6575
 6311
 6576
 6312
 6577
 6313
 6578
 6314
 6579
 6315
 6580
 6316
 6581
 6317
 6582
 6318
 6583
 6319
 6584
 6320
 6585
 6321
 6586
 6322
 6587
 6323
 6588
 6324
 6589
 6325
 6590
 6326
 6591
 6327
 6592
 6328
 6593
 6329
 6594
 6330
 6595
 6331
 6596
 6332
 6597
 6333
 6598
 6334
 6599
 6335
 6600
 6336
 6601
 6337
 6602
 6338
 6603
 6339
 6604
 6340
 6605
 6341
 6606
 6342
 6607
 6343
 6608
 6344
 6609
 6345
 6610
 6346
 6611
 6347
 6612
 6613
 6614
 6729
 6356
 6494
 6357
 6511
 6716
 6468
 6827
 6357
 6445
 6621
 6355
 6360
 6720
 6489
 6622
 6501
 6619
 6444
 6489
 6757
 6360
 6623
 6625
 6500
 6822
 6363
 6484
 6721
 6364
 6628
 6365
 6626
 6366
 6722
 6367
 6629
 6368
 6630
 6369
 6631
 6370
 6632
 6371
 6633
 6372
 6634
 6373
 6635
 6374
 6636
 6375
 6637
 6376
 6638
 6377
 6639
 6378
 6640
 6379
 6641
 6380
 6642
 6381
 6643
 6382
 6644
 6383
 6645
 6384
 6728
 6385
 6646
 6386
 6647
 6387
 6750
 6388
 6648
 6389
 6749
 6390
 6649
 6391
 6748
 6392
 6650
 6393
 6747
 6394
 6651
 6395
 6652
 6396
 6653
 6397
 6654
 6398
 6655
 6399
 6656
 6400
 6657
 6401
 6658
 6402
 6659
 6403
 6660
 6404
 6661
 6405
 6746
 6406
 6662
 6407
 6745
 6408
 6663
 6409
 6744
 6410
 6664
 6411
 6743
 6412
 6665
 6413
 6666
 6414
 6742
 6415
 6667
 6416
 6741
 6417
 6668
 6418
 6669
 6419
 6670
 6420
 6671
 6421
 6672
 6422
 6673
 6423
 6740
 6424
 6674
 6425
 6738
 6426
 6675
 6427
 6737
 6428
 6676
 6429
 6755
 6430
 6677
 6431
 6678
 6432
 6756
 6433
 6679
 6434
 6736
 6435
 6680
 6436
 6681
 6437
 6739
 6438
 6682
 6683
 6467
 6441
 6684
 6442
 6685
 6443
 6686
 6687
 6705
 6446
 6688
 6484
 6620
 6447
 6718
 6448
 6689
 6449
 6758
 6450
 6691
 6451
 6725
 6452
 6692
 6453
 6693
 6454
 6694
 6455
 6695
 6456
 6727
 6457
 6696
 6458
 6697
 6459
 6752
 6460
 6698
 6461
 6699
 6462
 6700
 6463
 6464
 6465
 6703
 6466
 6470
 6807
 6825
 6505
 6477
 6705
 6709
 6759
 6795
 6730
 6495
 6795
 6495
 6730
 6487
 6529
 6508
 6761
 6724
 6701
 6809
 6486
 6535
 6512
 6706
 6787
 6719
 6803
 6485
 6491
 6754
 6490
 6533
 6530
 6496
 6690
 6751
 6768
 6492
 6713
 6723
 6616
 6820
 6613
 6729
 6782
 6504
 6502
 6507
 6687
 6770
 6511
 6705
 6793
 6509
 6765
 6510
 6791
 6705
 6793
 6818
 6808
 6530
 6618
 6752
 6516
 6529
 6727
 6617
 6695
 6518
 6627
 6692
 6519
 6725
 6520
 6691
 6521
 6758
 6522
 6689
 6523
 6718
 6524
 6688
 6525
 6757
 6526
 6751
 6527
 6622
 6528
 6720
 6625
 6530
 6696
 6697
 6623
 6730
 6539
 6708
 6756
 6535
 6538
 6680
 6614
 6704
 6537
 6681
 6537
 6614
 6682
 6739
 6539
 6736
 6679
 6541
 6677
 6708
 6542
 6755
 6543
 6676
 6544
 6737
 6545
 6675
 6546
 6738
 6547
 6674
 6548
 6740
 6549
 6673
 6550
 6672
 6551
 6671
 6552
 6670
 6553
 6669
 6554
 6668
 6555
 6741
 6556
 6667
 6557
 6742
 6558
 6666
 6559
 6665
 6560
 6743
 6561
 6664
 6562
 6744
 6563
 6663
 6564
 6745
 6565
 6662
 6566
 6746
 6567
 6661
 6568
 6660
 6569
 6659
 6570
 6658
 6571
 6657
 6572
 6656
 6573
 6655
 6574
 6654
 6575
 6653
 6576
 6652
 6577
 6651
 6578
 6747
 6579
 6650
 6580
 6748
 6581
 6649
 6582
 6749
 6583
 6648
 6584
 6750
 6585
 6647
 6586
 6646
 6587
 6728
 6588
 6645
 6589
 6644
 6590
 6643
 6591
 6642
 6592
 6641
 6593
 6640
 6594
 6639
 6595
 6638
 6596
 6637
 6597
 6636
 6598
 6635
 6599
 6634
 6600
 6633
 6601
 6632
 6602
 6631
 6603
 6630
 6604
 6629
 6605
 6722
 6606
 6626
 6607
 6628
 6608
 6721
 6609
 6754
 6610
 6620
 6611
 6621
 6612
 6619
 6613
 6716
 6683
 6624
 6733
 6813
 6627
 6694
 6698
 6723
 6621
 6716
 6621
 6754
 6720
 6751
 6625
 6720
 6628
 6722
 6693
 6721
 6630
 6722
 6631
 6632
 6633
 6634
 6635
 6636
 6637
 6638
 6639
 6640
 6641
 6642
 6643
 6644
 6645
 6728
 6647
 6728
 6750
 6749
 6750
 6748
 6749
 6747
 6748
 6652
 6747
 6653
 6654
 6655
 6656
 6657
 6658
 6659
 6660
 6661
 6746
 6745
 6746
 6744
 6745
 6743
 6744
 6666
 6743
 6742
 6741
 6742
 6669
 6741
 6670
 6671
 6672
 6673
 6740
 6738
 6740
 6737
 6738
 6737
 6755
 6678
 6755
 6708
 6756
 6736
 6756
 6681
 6736
 6739
 6683
 6739
 6704
 6685
 6789
 6686
 6801
 6687
 6800
 6791
 6718
 6757
 6718
 6758
 6725
 6758
 6693
 6725
 6694
 6695
 6727
 6697
 6727
 6752
 6699
 6752
 6700
 6723
 6713
 6702
 6809
 6769
 6789
 6767
 6734
 6760
 6723
 6814
 6719
 6801
 6803
 6754
 6763
 6777
 6782
 6783
 6732
 6811
 6812
 6810
 6814
 6757
 6793
 6762
 6764
 6767
 6769
 6772
 6802
 6787
 6778
 6797
 6780
 6790
 6796
 6798
 6788
 6784
 6800
 6817
 6825
 6792
 6794
 6805
 6797
 6798
 6799
 6802
 6801
 6804
 6808
 6827
 6809
 6825
 6812
 6814
 6822
 6827
)
